pelvis_tilt.offset              	-0.026304814	-0.026492841	0.0018093708	
hip_flexion_r.offset            	-0.03535088	-0.031450171	0.0019721733	
knee_angle_r.offset             	0.018774683	0.01786176	0.0018585504	
ankle_angle_r.offset            	0.01245114	0.0090510481	0.002178046	
hip_flexion_l.offset            	0.055600978	0.055389596	0.0019630594	
knee_angle_l.offset             	0.044070357	0.046333405	0.0019564309	
ankle_angle_l.offset            	-0.015874104	-0.012748831	0.0020033852	
stance_load_threshold           	0.016400189	0.013202202	0.0019085608	
S11111.tib_ant.KL               	1.3368666	1.3444198	0.020188417	
S11111.tib_ant.L0               	0.73408893	0.73516609	0.0018373649	
S11111.tib_ant-soleus.KF        	-0.29921485	-0.29639105	0.002044691	
S00111.soleus.KF                	0.48732972	0.47169075	0.019178218	
S00111.gastroc.KF               	1.5467474	1.5346486	0.016950229	
S00111.soleus.KV                	0.12730669	0.12870657	0.010013706	
S00111.gastroc.KV               	0.082107764	0.081792799	0.0099551081	
S11000.soleus.KV                	0.075579585	0.078529476	0.0099631535	
S11000.gastroc.KV               	0.074527636	0.073007319	0.0099936435	
S00011.vasti.KF                 	1.0419562	1.0431104	0.016437096	
S00011.vasti.C0                 	0.069629695	0.07176942	0.001664267	
S00011.vasti-knee_angle.pos_max 	-0.15102095	-0.15467472	0.0020332439	
S00011.hamstrings-pelvis_tilt.KP	1.6760185	1.6737764	0.019694007	
S00011.hamstrings-pelvis_tilt.KV	0.29773863	0.29747091	0.0019553228	
S00011.hamstrings-pelvis_tilt.C0	0.024738223	0.023056208	0.0020294866	
S00011.glut_max-pelvis_tilt.KP  	1.5952631	1.6094349	0.02002531	
S00011.glut_max-pelvis_tilt.KV  	0.19617855	0.19993991	0.0020010903	
S00011.glut_max-pelvis_tilt.C0  	0.040062734	0.042985012	0.0018751267	
S00011.iliopsoas-pelvis_tilt.KP 	-1.220419	-1.2621462	0.020352163	
S00011.iliopsoas-pelvis_tilt.KV 	-0.28524085	-0.28929889	0.0020541293	
S00011.iliopsoas-pelvis_tilt.C0 	0.2012527	0.20253385	0.0024810679	
S00100.iliopsoas.C0             	0.25077118	0.25241462	0.0020145543	
S00100.glut_max.C0              	-0.18443252	-0.18354544	0.0020752918	
S11000.iliopsoas.KL             	0.44878616	0.4500726	0.0021492776	
S11000.iliopsoas.L0             	0.54199667	0.54343856	0.0020184324	
S11000.iliopsoas-pelvis_tilt.P0 	-0.16975509	-0.16922197	0.0020636079	
S11000.iliopsoas-pelvis_tilt.KP 	0.86355788	0.82541402	0.020631095	
S11000.iliopsoas-pelvis_tilt.KV 	0.23257942	0.23523689	0.0019324631	
S11000.iliopsoas-hamstrings.KL  	-1.2460253	-1.1496605	0.076631339	
S11000.iliopsoas-hamstrings.L0  	0.87087557	0.87518054	0.0019488627	
S11000.hamstrings.KF            	0.58187963	0.57636624	0.002055159	
S11000.glut_max.KF              	0.48530059	0.48840813	0.0020668975	
