pelvis_tilt.offset              	-0.026755234	-0.02480149	0.0021161791	
hip_flexion_r.offset            	-0.042422259	-0.040676086	0.0023731285	
knee_angle_r.offset             	0.016980801	0.016970752	0.0021732191	
ankle_angle_r.offset            	0.014140004	0.01466511	0.0025720767	
hip_flexion_l.offset            	0.048846502	0.051763167	0.0023081089	
knee_angle_l.offset             	0.049700028	0.044863641	0.0022910768	
ankle_angle_l.offset            	-0.0068941098	-0.0061634181	0.0024334068	
stance_load_threshold           	0.018609552	0.019821507	0.0022443519	
S11111.tib_ant.KL               	1.3539045	1.3546566	0.023842505	
S11111.tib_ant.L0               	0.73054499	0.72952603	0.0021461123	
S11111.tib_ant-soleus.KF        	-0.28563473	-0.29089115	0.0024040592	
S00111.soleus.KF                	0.51433028	0.53553931	0.0228158	
S00111.gastroc.KF               	1.5725655	1.5519132	0.0199811	
S00111.soleus.KV                	0.14348181	0.14152598	0.011702655	
S00111.gastroc.KV               	0.060590357	0.063249869	0.011646422	
S11000.soleus.KV                	0.045072985	0.043945051	0.011691752	
S11000.gastroc.KV               	0.093200933	0.10261749	0.011642524	
S00011.vasti.KF                 	1.0715035	1.0692423	0.019209361	
S00011.vasti.C0                 	0.064945157	0.066540801	0.0019908545	
S00011.vasti-knee_angle.pos_max 	-0.16094187	-0.15794668	0.0023890564	
S00011.hamstrings-pelvis_tilt.KP	1.6307076	1.6572476	0.023342269	
S00011.hamstrings-pelvis_tilt.KV	0.29975077	0.29903177	0.0022797741	
S00011.hamstrings-pelvis_tilt.C0	0.012259531	0.012136216	0.002442091	
S00011.glut_max-pelvis_tilt.KP  	1.5822392	1.5868309	0.023602154	
S00011.glut_max-pelvis_tilt.KV  	0.19539677	0.19426899	0.0023706543	
S00011.glut_max-pelvis_tilt.C0  	0.035971313	0.037741505	0.0021911859	
S00011.iliopsoas-pelvis_tilt.KP 	-1.2672455	-1.2592091	0.023896268	
S00011.iliopsoas-pelvis_tilt.KV 	-0.28966205	-0.28712465	0.0024604562	
S00011.iliopsoas-pelvis_tilt.C0 	0.19844858	0.19962811	0.0029471603	
S00100.iliopsoas.C0             	0.25750544	0.2563434	0.0023584671	
S00100.glut_max.C0              	-0.18674045	-0.18858945	0.0024904456	
S11000.iliopsoas.KL             	0.45302668	0.44889924	0.0025190249	
S11000.iliopsoas.L0             	0.53888425	0.53850535	0.0023785313	
S11000.iliopsoas-pelvis_tilt.P0 	-0.17031845	-0.17146265	0.0024045393	
S11000.iliopsoas-pelvis_tilt.KP 	0.94838644	0.93605526	0.024693981	
S11000.iliopsoas-pelvis_tilt.KV 	0.2234331	0.22435234	0.0023368958	
S11000.iliopsoas-hamstrings.KL  	-1.4121662	-1.4144106	0.088642924	
S11000.iliopsoas-hamstrings.L0  	0.87796221	0.87580309	0.0022790981	
S11000.hamstrings.KF            	0.59320569	0.58727596	0.0024904219	
S11000.glut_max.KF              	0.49082381	0.49074442	0.0024271943	
