pelvis_tilt.offset              	-0.022738101	-0.024234551	0.0021965253	
hip_flexion_r.offset            	-0.040804689	-0.042686333	0.0024727133	
knee_angle_r.offset             	0.014605882	0.016013782	0.0022563211	
ankle_angle_r.offset            	0.019618638	0.015987856	0.0026777726	
hip_flexion_l.offset            	0.056417877	0.052509024	0.0023996392	
knee_angle_l.offset             	0.041614091	0.043861542	0.0023888653	
ankle_angle_l.offset            	-0.0097715122	-0.0058370614	0.0025275673	
stance_load_threshold           	0.01687746	0.019633752	0.0023335713	
S11111.tib_ant.KL               	1.3576388	1.3653868	0.024761654	
S11111.tib_ant.L0               	0.72589059	0.7290109	0.0022304129	
S11111.tib_ant-soleus.KF        	-0.29269292	-0.29005067	0.0025078426	
S00111.soleus.KF                	0.54405452	0.5390919	0.023721012	
S00111.gastroc.KF               	1.557238	1.5635325	0.020760904	
S00111.soleus.KV                	0.12906082	0.13336578	0.012142124	
S00111.gastroc.KV               	0.067894219	0.059205511	0.012118993	
S11000.soleus.KV                	0.034328947	0.037250303	0.012162096	
S11000.gastroc.KV               	0.098326444	0.095112459	0.012108458	
S00011.vasti.KF                 	1.082748	1.0720075	0.019937435	
S00011.vasti.C0                 	0.066651881	0.066169753	0.0020691815	
S00011.vasti-knee_angle.pos_max 	-0.15779506	-0.15854644	0.0024822258	
S00011.hamstrings-pelvis_tilt.KP	1.5793164	1.6074695	0.024386849	
S00011.hamstrings-pelvis_tilt.KV	0.29685233	0.30176057	0.0023777805	
S00011.hamstrings-pelvis_tilt.C0	0.011189407	0.012030588	0.0025422358	
S00011.glut_max-pelvis_tilt.KP  	1.5637933	1.5688162	0.024543861	
S00011.glut_max-pelvis_tilt.KV  	0.19970226	0.19469001	0.0024604179	
S00011.glut_max-pelvis_tilt.C0  	0.034269626	0.037414606	0.0022795557	
S00011.iliopsoas-pelvis_tilt.KP 	-1.3228641	-1.2727441	0.024867572	
S00011.iliopsoas-pelvis_tilt.KV 	-0.29191971	-0.28890867	0.0025556343	
S00011.iliopsoas-pelvis_tilt.C0 	0.20286206	0.19891257	0.0030651435	
S00100.iliopsoas.C0             	0.25974433	0.2576335	0.0024527308	
S00100.glut_max.C0              	-0.1841035	-0.18818818	0.0025875156	
S11000.iliopsoas.KL             	0.44908874	0.44905472	0.0026198364	
S11000.iliopsoas.L0             	0.53704811	0.54111949	0.0024743662	
S11000.iliopsoas-pelvis_tilt.P0 	-0.16899641	-0.17018567	0.0024996226	
S11000.iliopsoas-pelvis_tilt.KP 	0.97620071	0.95159064	0.025757197	
S11000.iliopsoas-pelvis_tilt.KV 	0.2234668	0.22372293	0.0024286138	
S11000.iliopsoas-hamstrings.KL  	-1.3225288	-1.4011372	0.092032368	
S11000.iliopsoas-hamstrings.L0  	0.87966693	0.87634249	0.0023668941	
S11000.hamstrings.KF            	0.59078454	0.59139981	0.0026208394	
S11000.glut_max.KF              	0.49147654	0.49153807	0.0025247031	
