pelvis_tilt.offset              	-0.022762234	-0.022530277	0.0022240056	
hip_flexion_r.offset            	-0.037289653	-0.040499006	0.0025135401	
knee_angle_r.offset             	0.019687294	0.01782783	0.0022869164	
ankle_angle_r.offset            	0.020793149	0.016637103	0.0027232564	
hip_flexion_l.offset            	0.060206285	0.056862188	0.002441367	
knee_angle_l.offset             	0.047340241	0.043345564	0.0024208021	
ankle_angle_l.offset            	-0.011998781	-0.0090386159	0.0025633146	
stance_load_threshold           	0.019795947	0.019770636	0.002368852	
S11111.tib_ant.KL               	1.3810774	1.3614637	0.025099324	
S11111.tib_ant.L0               	0.72486986	0.72815796	0.0022646702	
S11111.tib_ant-soleus.KF        	-0.29018373	-0.28787721	0.0025558924	
S00111.soleus.KF                	0.56219964	0.56319584	0.024132046	
S00111.gastroc.KF               	1.5659988	1.5460244	0.021082639	
S00111.soleus.KV                	0.13913125	0.13856608	0.012284203	
S00111.gastroc.KV               	0.061438133	0.05028661	0.012323602	
S11000.soleus.KV                	0.03361787	0.037070053	0.012318989	
S11000.gastroc.KV               	0.10414247	0.094349027	0.012263637	
S00011.vasti.KF                 	1.068701	1.0844857	0.020247553	
S00011.vasti.C0                 	0.064372559	0.063349013	0.0020993999	
S00011.vasti-knee_angle.pos_max 	-0.15581671	-0.15663871	0.0025147755	
S00011.hamstrings-pelvis_tilt.KP	1.6344346	1.6261534	0.024759115	
S00011.hamstrings-pelvis_tilt.KV	0.29899845	0.30156613	0.0024225149	
S00011.hamstrings-pelvis_tilt.C0	0.008359844	0.013988494	0.0025820041	
S00011.glut_max-pelvis_tilt.KP  	1.5491194	1.5656262	0.024890884	
S00011.glut_max-pelvis_tilt.KV  	0.19630984	0.19903011	0.0025137296	
S00011.glut_max-pelvis_tilt.C0  	0.03997195	0.039029876	0.0023186624	
S00011.iliopsoas-pelvis_tilt.KP 	-1.2675213	-1.2768511	0.025246617	
S00011.iliopsoas-pelvis_tilt.KV 	-0.2865741	-0.28675778	0.002590243	
S00011.iliopsoas-pelvis_tilt.C0 	0.20537544	0.20527807	0.003111341	
S00100.iliopsoas.C0             	0.26251907	0.25770649	0.0024826878	
S00100.glut_max.C0              	-0.18652034	-0.18733618	0.0026274107	
S11000.iliopsoas.KL             	0.44945132	0.45098766	0.0026654716	
S11000.iliopsoas.L0             	0.54206688	0.54310934	0.0025120064	
S11000.iliopsoas-pelvis_tilt.P0 	-0.17046893	-0.17100016	0.0025343691	
S11000.iliopsoas-pelvis_tilt.KP 	0.9512145	0.95902074	0.026177628	
S11000.iliopsoas-pelvis_tilt.KV 	0.22677581	0.22269544	0.0024644215	
S11000.iliopsoas-hamstrings.KL  	-1.40309	-1.4522193	0.093409154	
S11000.iliopsoas-hamstrings.L0  	0.8766353	0.8747171	0.0023993653	
S11000.hamstrings.KF            	0.59265139	0.59133248	0.0026845577	
S11000.glut_max.KF              	0.49183136	0.49203326	0.0025598705	
