pelvis_tilt.offset              	-0.030574242	-0.024945729	0.0020557861	
hip_flexion_r.offset            	-0.036791311	-0.040931321	0.0023103464	
knee_angle_r.offset             	0.016018725	0.017607213	0.0020936227	
ankle_angle_r.offset            	0.013937212	0.01514558	0.0025368995	
hip_flexion_l.offset            	0.054383368	0.056833831	0.002264218	
knee_angle_l.offset             	0.043930871	0.045439362	0.0022230944	
ankle_angle_l.offset            	-0.012987821	-0.013022583	0.0024015059	
stance_load_threshold           	0.024732515	0.021441528	0.0022077201	
S11111.tib_ant.KL               	1.423742	1.3922749	0.02314872	
S11111.tib_ant.L0               	0.72656896	0.72872889	0.0020993828	
S11111.tib_ant-soleus.KF        	-0.28862291	-0.29071717	0.0023614459	
S00111.soleus.KF                	0.59359181	0.57492461	0.022397884	
S00111.gastroc.KF               	1.5660071	1.547643	0.019528351	
S00111.soleus.KV                	0.19448603	0.18790832	0.011477257	
S00111.gastroc.KV               	0.039086528	0.032783377	0.011432522	
S11000.soleus.KV                	0.026224037	0.029438329	0.011385756	
S11000.gastroc.KV               	0.084986386	0.091749916	0.011278743	
S00011.vasti.KF                 	1.0276737	1.0486373	0.018739417	
S00011.vasti.C0                 	0.066891033	0.064878603	0.0019360138	
S00011.vasti-knee_angle.pos_max 	-0.16304034	-0.15923106	0.0023177096	
S00011.hamstrings-pelvis_tilt.KP	1.6545719	1.6377992	0.022788338	
S00011.hamstrings-pelvis_tilt.KV	0.30777335	0.30849018	0.0023035758	
S00011.hamstrings-pelvis_tilt.C0	0.0098071499	0.012074479	0.0023903431	
S00011.glut_max-pelvis_tilt.KP  	1.5722689	1.578222	0.023203177	
S00011.glut_max-pelvis_tilt.KV  	0.18795321	0.18906793	0.0023179618	
S00011.glut_max-pelvis_tilt.C0  	0.04452258	0.043410173	0.0021412078	
S00011.iliopsoas-pelvis_tilt.KP 	-1.2186738	-1.2562654	0.023280045	
S00011.iliopsoas-pelvis_tilt.KV 	-0.29491086	-0.28793241	0.0024254269	
S00011.iliopsoas-pelvis_tilt.C0 	0.2041968	0.20825144	0.0028929613	
S00100.iliopsoas.C0             	0.25374571	0.26010104	0.0022996284	
S00100.glut_max.C0              	-0.19106081	-0.19281071	0.0024630048	
S11000.iliopsoas.KL             	0.45235374	0.45176681	0.0024663648	
S11000.iliopsoas.L0             	0.54721161	0.54482826	0.002312111	
S11000.iliopsoas-pelvis_tilt.P0 	-0.16886634	-0.16892558	0.0023292471	
S11000.iliopsoas-pelvis_tilt.KP 	0.94584823	0.92420431	0.024155263	
S11000.iliopsoas-pelvis_tilt.KV 	0.21693155	0.217878	0.0023182367	
S11000.iliopsoas-hamstrings.KL  	-1.6527032	-1.5707848	0.085707339	
S11000.iliopsoas-hamstrings.L0  	0.88235659	0.8798738	0.0022474309	
S11000.hamstrings.KF            	0.59672877	0.59376099	0.002518387	
S11000.glut_max.KF              	0.49333141	0.49378917	0.0023735607	
