pelvis_tilt.offset              	-0.02647495	-0.024245361	0.0024605216	
hip_flexion_r.offset            	-0.05168467	-0.045586916	0.0027703188	
knee_angle_r.offset             	0.020277826	0.020275578	0.0025251539	
ankle_angle_r.offset            	0.010987557	0.0057958687	0.0030968067	
hip_flexion_l.offset            	0.059843629	0.063345817	0.0027199441	
knee_angle_l.offset             	0.052422125	0.055234756	0.0027701034	
ankle_angle_l.offset            	-0.0094123541	-0.0097556619	0.0028717427	
stance_load_threshold           	0.025223355	0.025210506	0.0027588244	
S11111.tib_ant.KL               	1.5360153	1.5614291	0.028855102	
S11111.tib_ant.L0               	0.73376947	0.73578466	0.0026216856	
S11111.tib_ant-soleus.KF        	-0.29166603	-0.29161391	0.0028569047	
S00111.soleus.KF                	0.85885466	0.81193811	0.028406301	
S00111.gastroc.KF               	1.5317727	1.5443585	0.023544103	
S00111.soleus.KV                	0.22380053	0.23308673	0.014110609	
S00111.gastroc.KV               	0.0076882994	0.012773632	0.013728792	
S11000.soleus.KV                	0.054784187	0.043877882	0.013550466	
S11000.gastroc.KV               	0.052947473	0.082770072	0.01376082	
S00011.vasti.KF                 	1.0319027	1.0341587	0.022918055	
S00011.vasti.C0                 	0.065467311	0.068582035	0.0023422845	
S00011.vasti-knee_angle.pos_max 	-0.14961347	-0.15217405	0.0028370445	
S00011.hamstrings-pelvis_tilt.KP	1.6738855	1.5834013	0.02742264	
S00011.hamstrings-pelvis_tilt.KV	0.3033025	0.31002414	0.0027626813	
S00011.hamstrings-pelvis_tilt.C0	0.01195853	0.013943663	0.0028540211	
S00011.glut_max-pelvis_tilt.KP  	1.383024	1.377816	0.028962978	
S00011.glut_max-pelvis_tilt.KV  	0.19428301	0.19470547	0.0028076492	
S00011.glut_max-pelvis_tilt.C0  	0.04862236	0.040862863	0.0025971249	
S00011.iliopsoas-pelvis_tilt.KP 	-1.1167435	-1.1704521	0.028730259	
S00011.iliopsoas-pelvis_tilt.KV 	-0.29497874	-0.2963564	0.0029799816	
S00011.iliopsoas-pelvis_tilt.C0 	0.21350835	0.21636261	0.0035042303	
S00100.iliopsoas.C0             	0.26369443	0.26665205	0.0027922139	
S00100.glut_max.C0              	-0.20269795	-0.19852491	0.0030087038	
S11000.iliopsoas.KL             	0.454202	0.45063724	0.0029467013	
S11000.iliopsoas.L0             	0.54410108	0.5470565	0.0027836501	
S11000.iliopsoas-pelvis_tilt.P0 	-0.17309947	-0.17219445	0.0027792621	
S11000.iliopsoas-pelvis_tilt.KP 	0.89288503	0.91732569	0.029403617	
S11000.iliopsoas-pelvis_tilt.KV 	0.20732503	0.20650217	0.002842321	
S11000.iliopsoas-hamstrings.KL  	-1.8898997	-1.9061494	0.10120607	
S11000.iliopsoas-hamstrings.L0  	0.88102083	0.88240958	0.0026898683	
S11000.hamstrings.KF            	0.60322813	0.60292972	0.0031286073	
S11000.glut_max.KF              	0.50783914	0.50244673	0.0028509652	
