pelvis_tilt.offset              	-0.026539318	-0.025260115	0.0025559104	
hip_flexion_r.offset            	-0.050604183	-0.046763004	0.0028872689	
knee_angle_r.offset             	0.019320361	0.018008037	0.0026210625	
ankle_angle_r.offset            	0.0075113427	0.0057855565	0.0032219773	
hip_flexion_l.offset            	0.063134742	0.061692379	0.0028292203	
knee_angle_l.offset             	0.051988033	0.051792713	0.0028864824	
ankle_angle_l.offset            	-0.010970083	-0.0070756709	0.0029913824	
stance_load_threshold           	0.03042951	0.025969144	0.0028619612	
S11111.tib_ant.KL               	1.5034493	1.5223048	0.030095084	
S11111.tib_ant.L0               	0.73034527	0.73230271	0.0027301249	
S11111.tib_ant-soleus.KF        	-0.2866869	-0.2913652	0.0029655942	
S00111.soleus.KF                	0.8635612	0.86012997	0.030000639	
S00111.gastroc.KF               	1.4966881	1.5094138	0.024497	
S00111.soleus.KV                	0.26091079	0.23941429	0.014688478	
S00111.gastroc.KV               	0.0074330596	0.018805858	0.01424631	
S11000.soleus.KV                	0.055458275	0.055781795	0.014105316	
S11000.gastroc.KV               	0.066391242	0.068096092	0.01436646	
S00011.vasti.KF                 	1.047467	1.0550105	0.023790799	
S00011.vasti.C0                 	0.067401135	0.067709392	0.0024351506	
S00011.vasti-knee_angle.pos_max 	-0.15381615	-0.14981891	0.0029501351	
S00011.hamstrings-pelvis_tilt.KP	1.5478853	1.6085886	0.02858736	
S00011.hamstrings-pelvis_tilt.KV	0.30958039	0.31109374	0.0028844006	
S00011.hamstrings-pelvis_tilt.C0	0.0072437232	0.010900756	0.0029650637	
S00011.glut_max-pelvis_tilt.KP  	1.3805663	1.3787922	0.030091552	
S00011.glut_max-pelvis_tilt.KV  	0.19684381	0.194759	0.0029183982	
S00011.glut_max-pelvis_tilt.C0  	0.036553887	0.042124359	0.0027125126	
S00011.iliopsoas-pelvis_tilt.KP 	-1.1291211	-1.1462894	0.029925093	
S00011.iliopsoas-pelvis_tilt.KV 	-0.29557078	-0.2951296	0.0030939924	
S00011.iliopsoas-pelvis_tilt.C0 	0.21287037	0.21911918	0.0036451208	
S00100.iliopsoas.C0             	0.26562964	0.26541466	0.0029060987	
S00100.glut_max.C0              	-0.2008222	-0.20015255	0.0031284347	
S11000.iliopsoas.KL             	0.45262484	0.45313205	0.0030630287	
S11000.iliopsoas.L0             	0.54603171	0.54731028	0.002889378	
S11000.iliopsoas-pelvis_tilt.P0 	-0.17312315	-0.17275307	0.0028908653	
S11000.iliopsoas-pelvis_tilt.KP 	0.89092895	0.90795804	0.030505223	
S11000.iliopsoas-pelvis_tilt.KV 	0.19920425	0.20645686	0.0029536892	
S11000.iliopsoas-hamstrings.KL  	-2.0588057	-1.9256353	0.10520076	
S11000.iliopsoas-hamstrings.L0  	0.88384686	0.88290443	0.0027894493	
S11000.hamstrings.KF            	0.602639	0.60490423	0.0032498761	
S11000.glut_max.KF              	0.50177081	0.50379184	0.0029683973	
