pelvis_tilt.offset              	-0.019639161	-0.025248362	0.0026082858	
hip_flexion_r.offset            	-0.05178878	-0.048172382	0.0029492614	
knee_angle_r.offset             	0.021305015	0.019352892	0.002675405	
ankle_angle_r.offset            	0.0063155511	0.0062382477	0.0032869405	
hip_flexion_l.offset            	0.060792467	0.061068177	0.0028856515	
knee_angle_l.offset             	0.047928046	0.053769792	0.0029465974	
ankle_angle_l.offset            	-0.0026438674	-0.0091038989	0.0030554468	
stance_load_threshold           	0.034450564	0.028656303	0.002922728	
S11111.tib_ant.KL               	1.4736652	1.5153926	0.030711285	
S11111.tib_ant.L0               	0.72902883	0.72960299	0.0027961551	
S11111.tib_ant-soleus.KF        	-0.29431895	-0.29069484	0.0030288391	
S00111.soleus.KF                	0.8676389	0.86064601	0.030809667	
S00111.gastroc.KF               	1.5193951	1.5069844	0.025025144	
S00111.soleus.KV                	0.24416276	0.24950294	0.015008141	
S00111.gastroc.KV               	0.0028895961	0.019481102	0.014544617	
S11000.soleus.KV                	0.029109293	0.049932257	0.014395198	
S11000.gastroc.KV               	0.037345307	0.071387981	0.014672393	
S00011.vasti.KF                 	1.0645248	1.0507511	0.024269434	
S00011.vasti.C0                 	0.061288471	0.067190435	0.0024836317	
S00011.vasti-knee_angle.pos_max 	-0.14910661	-0.15000803	0.0030144108	
S00011.hamstrings-pelvis_tilt.KP	1.5672471	1.5873113	0.029217793	
S00011.hamstrings-pelvis_tilt.KV	0.31552354	0.31073532	0.0029435717	
S00011.hamstrings-pelvis_tilt.C0	0.0068537473	0.0089395154	0.0030275318	
S00011.glut_max-pelvis_tilt.KP  	1.4408539	1.3844857	0.030689138	
S00011.glut_max-pelvis_tilt.KV  	0.19455261	0.19521393	0.0029789799	
S00011.glut_max-pelvis_tilt.C0  	0.037555737	0.039171204	0.0027746527	
S00011.iliopsoas-pelvis_tilt.KP 	-1.1709784	-1.1378881	0.030543602	
S00011.iliopsoas-pelvis_tilt.KV 	-0.29390548	-0.29465851	0.0031604083	
S00011.iliopsoas-pelvis_tilt.C0 	0.21516497	0.21747645	0.0037230036	
S00100.iliopsoas.C0             	0.26671764	0.26732347	0.0029675509	
S00100.glut_max.C0              	-0.19597646	-0.20105377	0.0031950507	
S11000.iliopsoas.KL             	0.4535465	0.45315525	0.0031243571	
S11000.iliopsoas.L0             	0.54725832	0.54791186	0.002952116	
S11000.iliopsoas-pelvis_tilt.P0 	-0.17645985	-0.17331731	0.0029478417	
S11000.iliopsoas-pelvis_tilt.KP 	0.94745352	0.89231286	0.031111794	
S11000.iliopsoas-pelvis_tilt.KV 	0.20463348	0.20476247	0.0030229997	
S11000.iliopsoas-hamstrings.KL  	-2.1251284	-2.0108422	0.10761073	
S11000.iliopsoas-hamstrings.L0  	0.88645005	0.8833964	0.0028462918	
S11000.hamstrings.KF            	0.60615006	0.60414198	0.0033158829	
S11000.glut_max.KF              	0.50079764	0.50178774	0.0030302183	
