pelvis_tilt.offset              	-0.021686376	-0.022401234	0.0026776266	
hip_flexion_r.offset            	-0.046116164	-0.04863357	0.0030257261	
knee_angle_r.offset             	0.02409089	0.021724513	0.0027454529	
ankle_angle_r.offset            	0.0077828859	0.006525504	0.0033636135	
hip_flexion_l.offset            	0.066511901	0.061998072	0.0029551261	
knee_angle_l.offset             	0.045600442	0.052545902	0.0030217139	
ankle_angle_l.offset            	-0.0020786763	-0.0072413781	0.0031414966	
stance_load_threshold           	0.030092725	0.033161683	0.0030095214	
S11111.tib_ant.KL               	1.5087308	1.5066577	0.031465627	
S11111.tib_ant.L0               	0.72893411	0.72936757	0.0028687248	
S11111.tib_ant-soleus.KF        	-0.28871005	-0.29160148	0.0031025286	
S00111.soleus.KF                	0.9412724	0.87591426	0.031786394	
S00111.gastroc.KF               	1.5026837	1.5123086	0.025645661	
S00111.soleus.KV                	0.2350785	0.24596376	0.015393453	
S00111.gastroc.KV               	0.0099332506	0.017890109	0.014898327	
S11000.soleus.KV                	0.025466366	0.036871629	0.014755942	
S11000.gastroc.KV               	0.052566256	0.066703493	0.015102103	
S00011.vasti.KF                 	1.0752424	1.056739	0.024849732	
S00011.vasti.C0                 	0.067854884	0.065758917	0.002551027	
S00011.vasti-knee_angle.pos_max 	-0.15146373	-0.14880975	0.0030870669	
S00011.hamstrings-pelvis_tilt.KP	1.5864189	1.5863753	0.029931915	
S00011.hamstrings-pelvis_tilt.KV	0.30888387	0.31191953	0.0030178513	
S00011.hamstrings-pelvis_tilt.C0	0.0029965011	0.0064186825	0.0031077557	
S00011.glut_max-pelvis_tilt.KP  	1.3962728	1.400115	0.031519602	
S00011.glut_max-pelvis_tilt.KV  	0.19476557	0.19506839	0.0030510243	
S00011.glut_max-pelvis_tilt.C0  	0.037048764	0.03892772	0.0028422063	
S00011.iliopsoas-pelvis_tilt.KP 	-1.1796685	-1.1533866	0.031301838	
S00011.iliopsoas-pelvis_tilt.KV 	-0.29201217	-0.29317739	0.0032410507	
S00011.iliopsoas-pelvis_tilt.C0 	0.21246297	0.21648258	0.0038126552	
S00100.iliopsoas.C0             	0.26981659	0.26852205	0.0030442486	
S00100.glut_max.C0              	-0.19763766	-0.20007478	0.0032750326	
S11000.iliopsoas.KL             	0.44694734	0.45371113	0.0032028593	
S11000.iliopsoas.L0             	0.54852372	0.54710773	0.0030216666	
S11000.iliopsoas-pelvis_tilt.P0 	-0.17597401	-0.17468371	0.0030205301	
S11000.iliopsoas-pelvis_tilt.KP 	0.96042067	0.91050122	0.031883246	
S11000.iliopsoas-pelvis_tilt.KV 	0.20207644	0.20376038	0.0031031387	
S11000.iliopsoas-hamstrings.KL  	-2.1974656	-2.067232	0.11050224	
S11000.iliopsoas-hamstrings.L0  	0.88085303	0.88488232	0.0029144795	
S11000.hamstrings.KF            	0.60897902	0.60475374	0.0033949278	
S11000.glut_max.KF              	0.50403096	0.50099402	0.0031011912	
