pelvis_tilt.offset              	-0.024639363	-0.021779457	0.0027517796	
hip_flexion_r.offset            	-0.050593543	-0.047990357	0.0031132544	
knee_angle_r.offset             	0.02373445	0.022409689	0.0028203904	
ankle_angle_r.offset            	0.0044780474	0.0064495574	0.0034552672	
hip_flexion_l.offset            	0.06006826	0.063282616	0.0030394941	
knee_angle_l.offset             	0.052592287	0.050393159	0.0031112171	
ankle_angle_l.offset            	-0.0069891882	-0.0054211947	0.0032333377	
stance_load_threshold           	0.034723499	0.03216308	0.0030936383	
S11111.tib_ant.KL               	1.4963382	1.5392922	0.032396435	
S11111.tib_ant.L0               	0.72711996	0.72805579	0.0029560071	
S11111.tib_ant-soleus.KF        	-0.28739156	-0.29115115	0.0031855404	
S00111.soleus.KF                	0.95319568	0.9024117	0.032968139	
S00111.gastroc.KF               	1.5143955	1.4954598	0.026377125	
S00111.soleus.KV                	0.24181862	0.24635264	0.015828281	
S00111.gastroc.KV               	0.0063113191	0.014733273	0.015292001	
S11000.soleus.KV                	0.042606812	0.031567734	0.015152141	
S11000.gastroc.KV               	0.037735942	0.053298685	0.015549049	
S00011.vasti.KF                 	1.0513175	1.0700042	0.025537479	
S00011.vasti.C0                 	0.06869711	0.066528845	0.0026196504	
S00011.vasti-knee_angle.pos_max 	-0.15315199	-0.14927152	0.003171183	
S00011.hamstrings-pelvis_tilt.KP	1.5868545	1.5753619	0.030732784	
S00011.hamstrings-pelvis_tilt.KV	0.31421526	0.31062817	0.0031006598	
S00011.hamstrings-pelvis_tilt.C0	0.0074709931	0.0061581145	0.0031971627	
S00011.glut_max-pelvis_tilt.KP  	1.293771	1.3867565	0.032374053	
S00011.glut_max-pelvis_tilt.KV  	0.19370529	0.19346743	0.0031354998	
S00011.glut_max-pelvis_tilt.C0  	0.035132879	0.037834118	0.0029215997	
S00011.iliopsoas-pelvis_tilt.KP 	-1.1541246	-1.1715054	0.032152367	
S00011.iliopsoas-pelvis_tilt.KV 	-0.29171747	-0.29220971	0.0033280428	
S00011.iliopsoas-pelvis_tilt.C0 	0.21737521	0.21470029	0.0039169726	
S00100.iliopsoas.C0             	0.26410645	0.26796518	0.0031281682	
S00100.glut_max.C0              	-0.19773999	-0.19947601	0.0033646924	
S11000.iliopsoas.KL             	0.44902379	0.45131054	0.0032947949	
S11000.iliopsoas.L0             	0.54547309	0.54694975	0.0031059841	
S11000.iliopsoas-pelvis_tilt.P0 	-0.17856007	-0.17440448	0.00310133	
S11000.iliopsoas-pelvis_tilt.KP 	0.90869535	0.92751298	0.032775553	
S11000.iliopsoas-pelvis_tilt.KV 	0.20778717	0.20230119	0.0031900047	
S11000.iliopsoas-hamstrings.KL  	-2.3949595	-2.124098	0.11385562	
S11000.iliopsoas-hamstrings.L0  	0.88197558	0.88365804	0.0029939924	
S11000.hamstrings.KF            	0.60523082	0.60714117	0.0034928209	
S11000.glut_max.KF              	0.50089715	0.50311956	0.0031863411	
