pelvis_tilt.offset              	-0.020591193	-0.022016436	0.0028332512	
hip_flexion_r.offset            	-0.055112661	-0.048014665	0.003200101	
knee_angle_r.offset             	0.021066084	0.021580036	0.0028990492	
ankle_angle_r.offset            	0.0070208832	0.0066204661	0.0035474152	
hip_flexion_l.offset            	0.056880735	0.061859443	0.0031244525	
knee_angle_l.offset             	0.054503828	0.051366696	0.0031946353	
ankle_angle_l.offset            	-0.0035427211	-0.0060258327	0.0033213915	
stance_load_threshold           	0.036405602	0.032387089	0.0031803715	
S11111.tib_ant.KL               	1.5738091	1.5363991	0.033323115	
S11111.tib_ant.L0               	0.72042894	0.72656626	0.0030440713	
S11111.tib_ant-soleus.KF        	-0.29165373	-0.28942009	0.0032730389	
S00111.soleus.KF                	0.89574757	0.91535842	0.034155257	
S00111.gastroc.KF               	1.4621039	1.4994844	0.027135831	
S00111.soleus.KV                	0.24573411	0.23620643	0.016265936	
S00111.gastroc.KV               	0.0073680364	0.0082648767	0.015704053	
S11000.soleus.KV                	0.033898682	0.03687135	0.015561297	
S11000.gastroc.KV               	0.03464157	0.04059845	0.016027355	
S00011.vasti.KF                 	1.1072465	1.0704474	0.026240609	
S00011.vasti.C0                 	0.065153119	0.06678466	0.0026905611	
S00011.vasti-knee_angle.pos_max 	-0.15588099	-0.15137029	0.0032583004	
S00011.hamstrings-pelvis_tilt.KP	1.525918	1.56193	0.03161238	
S00011.hamstrings-pelvis_tilt.KV	0.30782174	0.31069449	0.0031857648	
S00011.hamstrings-pelvis_tilt.C0	0.0066704843	0.0063442239	0.0032858502	
S00011.glut_max-pelvis_tilt.KP  	1.3923595	1.3533929	0.03341665	
S00011.glut_max-pelvis_tilt.KV  	0.19126369	0.19351298	0.0032179889	
S00011.glut_max-pelvis_tilt.C0  	0.039227551	0.037052808	0.0030058299	
S00011.iliopsoas-pelvis_tilt.KP 	-1.1915144	-1.1597023	0.033014242	
S00011.iliopsoas-pelvis_tilt.KV 	-0.29346734	-0.29119628	0.0034186509	
S00011.iliopsoas-pelvis_tilt.C0 	0.22279854	0.21602044	0.004022354	
S00100.iliopsoas.C0             	0.27010068	0.26723303	0.003214806	
S00100.glut_max.C0              	-0.19897935	-0.19829898	0.0034548702	
S11000.iliopsoas.KL             	0.4471894	0.45041823	0.0033833831	
S11000.iliopsoas.L0             	0.54693974	0.54625899	0.0031897272	
S11000.iliopsoas-pelvis_tilt.P0 	-0.1740688	-0.17559446	0.0031878872	
S11000.iliopsoas-pelvis_tilt.KP 	0.89651691	0.94156207	0.033708697	
S11000.iliopsoas-pelvis_tilt.KV 	0.20082088	0.20552662	0.0032821763	
S11000.iliopsoas-hamstrings.KL  	-2.3241114	-2.2555606	0.11778338	
S11000.iliopsoas-hamstrings.L0  	0.88578789	0.88398502	0.0030769655	
S11000.hamstrings.KF            	0.60820264	0.60598496	0.0035907712	
S11000.glut_max.KF              	0.50488321	0.50381783	0.003275573	
