pelvis_tilt.offset              	-0.02226973	-0.021584894	0.0029433986	
hip_flexion_r.offset            	-0.048457225	-0.052634889	0.0033372883	
knee_angle_r.offset             	0.020863584	0.0218928	0.0030085659	
ankle_angle_r.offset            	0.0060744698	0.0080150681	0.0036812076	
hip_flexion_l.offset            	0.058725417	0.059895207	0.0032450339	
knee_angle_l.offset             	0.050977486	0.052023708	0.0033140566	
ankle_angle_l.offset            	-0.00085135594	-0.0064459803	0.0034486394	
stance_load_threshold           	0.033417527	0.033766356	0.0033054285	
S11111.tib_ant.KL               	1.5679952	1.5542919	0.034577923	
S11111.tib_ant.L0               	0.71636269	0.72374522	0.0031778934	
S11111.tib_ant-soleus.KF        	-0.29299706	-0.29066209	0.0033948718	
S00111.soleus.KF                	1.0142748	0.9265896	0.035709868	
S00111.gastroc.KF               	1.3852034	1.496032	0.028201831	
S00111.soleus.KV                	0.23414503	0.23009075	0.016882449	
S00111.gastroc.KV               	0.013806186	0.016000391	0.016290731	
S11000.soleus.KV                	0.024876025	0.032428692	0.016132807	
S11000.gastroc.KV               	0.018100367	0.025069839	0.016720248	
S00011.vasti.KF                 	1.1210818	1.0829301	0.027283388	
S00011.vasti.C0                 	0.061856878	0.065207876	0.0027935473	
S00011.vasti-knee_angle.pos_max 	-0.15445774	-0.15447063	0.0033831497	
S00011.hamstrings-pelvis_tilt.KP	1.567375	1.5507985	0.032826146	
S00011.hamstrings-pelvis_tilt.KV	0.3134955	0.30999232	0.003304444	
S00011.hamstrings-pelvis_tilt.C0	0.012151678	0.0073326396	0.0034109329	
S00011.glut_max-pelvis_tilt.KP  	1.33763	1.3673017	0.034685417	
S00011.glut_max-pelvis_tilt.KV  	0.19574824	0.192871	0.0033387501	
S00011.glut_max-pelvis_tilt.C0  	0.032208618	0.037266647	0.0031205309	
S00011.iliopsoas-pelvis_tilt.KP 	-1.1403806	-1.1940014	0.034288998	
S00011.iliopsoas-pelvis_tilt.KV 	-0.28697659	-0.29220935	0.0035478674	
S00011.iliopsoas-pelvis_tilt.C0 	0.21749217	0.21600282	0.0041802223	
S00100.iliopsoas.C0             	0.26539453	0.26821686	0.0033364885	
S00100.glut_max.C0              	-0.20218325	-0.19793221	0.003585043	
S11000.iliopsoas.KL             	0.44860029	0.45220929	0.0035174889	
S11000.iliopsoas.L0             	0.55202297	0.54828435	0.0033108667	
S11000.iliopsoas-pelvis_tilt.P0 	-0.18075665	-0.17424703	0.0033053224	
S11000.iliopsoas-pelvis_tilt.KP 	0.87633121	0.90329554	0.035041632	
S11000.iliopsoas-pelvis_tilt.KV 	0.19944742	0.20414461	0.0034146396	
S11000.iliopsoas-hamstrings.KL  	-2.1404493	-2.2699828	0.12268406	
S11000.iliopsoas-hamstrings.L0  	0.88847765	0.88492656	0.003194894	
S11000.hamstrings.KF            	0.6117563	0.60618068	0.0037257385	
S11000.glut_max.KF              	0.50466726	0.50395925	0.0033969244	
