pelvis_tilt.offset              	-0.015651016	-0.021539311	0.003678897	
hip_flexion_r.offset            	-0.052904709	-0.049386814	0.0042005448	
knee_angle_r.offset             	0.020796042	0.026433677	0.0037729355	
ankle_angle_r.offset            	0.02152936	0.0070985468	0.0046223686	
hip_flexion_l.offset            	0.044432974	0.059166753	0.0040750727	
knee_angle_l.offset             	0.043779886	0.045186957	0.0041647319	
ankle_angle_l.offset            	-0.0066193878	-0.0094317976	0.0043194321	
stance_load_threshold           	0.030785238	0.032721943	0.004142905	
S11111.tib_ant.KL               	1.6728978	1.6603676	0.043760012	
S11111.tib_ant.L0               	0.71247551	0.71447143	0.0041183329	
S11111.tib_ant-soleus.KF        	-0.29280689	-0.29135076	0.0042368052	
S00111.soleus.KF                	0.98715496	0.92222614	0.046038546	
S00111.gastroc.KF               	1.3201472	1.3472768	0.036721023	
S00111.soleus.KV                	0.2336896	0.25539915	0.021125889	
S00111.gastroc.KV               	0.037108383	0.040133482	0.020353103	
S11000.soleus.KV                	0.024125955	0.042158631	0.020095046	
S11000.gastroc.KV               	0.017905621	0.022774641	0.021101212	
S00011.vasti.KF                 	1.1167866	1.1235351	0.034540942	
S00011.vasti.C0                 	0.063815067	0.064104434	0.0035015561	
S00011.vasti-knee_angle.pos_max 	-0.15375069	-0.15754766	0.0042418717	
S00011.hamstrings-pelvis_tilt.KP	1.5876084	1.5728593	0.041057468	
S00011.hamstrings-pelvis_tilt.KV	0.31262465	0.3109315	0.0041357451	
S00011.hamstrings-pelvis_tilt.C0	0.008720036	0.008334386	0.0042585549	
S00011.glut_max-pelvis_tilt.KP  	1.4312097	1.4470794	0.043484046	
S00011.glut_max-pelvis_tilt.KV  	0.19073871	0.19162079	0.0041828742	
S00011.glut_max-pelvis_tilt.C0  	0.031023873	0.033702456	0.0039259389	
S00011.iliopsoas-pelvis_tilt.KP 	-1.1090413	-1.1508548	0.042895883	
S00011.iliopsoas-pelvis_tilt.KV 	-0.3000468	-0.29571793	0.0044432997	
S00011.iliopsoas-pelvis_tilt.C0 	0.2252866	0.22369465	0.0052367141	
S00100.iliopsoas.C0             	0.26666728	0.2696262	0.0041883235	
S00100.glut_max.C0              	-0.19958401	-0.19591494	0.0045023876	
S11000.iliopsoas.KL             	0.45555981	0.45476731	0.0043955827	
S11000.iliopsoas.L0             	0.55013191	0.55463792	0.0041847597	
S11000.iliopsoas-pelvis_tilt.P0 	-0.17559583	-0.17596189	0.0041554408	
S11000.iliopsoas-pelvis_tilt.KP 	0.91903573	0.87676146	0.043864204	
S11000.iliopsoas-pelvis_tilt.KV 	0.19453008	0.1969126	0.0043104545	
S11000.iliopsoas-hamstrings.KL  	-2.3374664	-2.3688505	0.15565843	
S11000.iliopsoas-hamstrings.L0  	0.89296424	0.88929612	0.0039999558	
S11000.hamstrings.KF            	0.60596726	0.6061411	0.0046577244	
S11000.glut_max.KF              	0.50869896	0.50582805	0.0042485858	
