pelvis_tilt.offset              	-0.023125352	-0.020927953	0.0038982154	
hip_flexion_r.offset            	-0.04569553	-0.05002886	0.0044390297	
knee_angle_r.offset             	0.025106041	0.025407733	0.0039926855	
ankle_angle_r.offset            	0.011632724	0.013299029	0.0049150658	
hip_flexion_l.offset            	0.054165514	0.054274583	0.0043398037	
knee_angle_l.offset             	0.043598205	0.04365199	0.0044119003	
ankle_angle_l.offset            	-0.014203916	-0.006610542	0.0045737151	
stance_load_threshold           	0.037966544	0.031389254	0.0043840436	
S11111.tib_ant.KL               	1.7217261	1.6833331	0.046514671	
S11111.tib_ant.L0               	0.71034765	0.71271657	0.0043960401	
S11111.tib_ant-soleus.KF        	-0.29363867	-0.29606342	0.0044800199	
S00111.soleus.KF                	0.97070596	0.94713093	0.048889231	
S00111.gastroc.KF               	1.3532456	1.3380328	0.039339731	
S00111.soleus.KV                	0.24541758	0.24108512	0.022386419	
S00111.gastroc.KV               	0.023790711	0.045346012	0.021517433	
S11000.soleus.KV                	0.046672995	0.032415097	0.021278469	
S11000.gastroc.KV               	0.0001106293	0.017003557	0.022332163	
S00011.vasti.KF                 	1.091522	1.119207	0.036556541	
S00011.vasti.C0                 	0.069814273	0.068111679	0.0037098898	
S00011.vasti-knee_angle.pos_max 	-0.15654583	-0.15648385	0.0044849527	
S00011.hamstrings-pelvis_tilt.KP	1.5900702	1.5549643	0.043417636	
S00011.hamstrings-pelvis_tilt.KV	0.30616906	0.30886074	0.0043828168	
S00011.hamstrings-pelvis_tilt.C0	0.010907285	0.01312151	0.0045043692	
S00011.glut_max-pelvis_tilt.KP  	1.4802591	1.4585514	0.046054943	
S00011.glut_max-pelvis_tilt.KV  	0.18640362	0.19398831	0.0044249913	
S00011.glut_max-pelvis_tilt.C0  	0.039144011	0.03558166	0.004161326	
S00011.iliopsoas-pelvis_tilt.KP 	-1.066542	-1.1420257	0.045346471	
S00011.iliopsoas-pelvis_tilt.KV 	-0.2937105	-0.29538641	0.0047012447	
S00011.iliopsoas-pelvis_tilt.C0 	0.22342331	0.22468506	0.0055334801	
S00100.iliopsoas.C0             	0.27294232	0.26955022	0.0044358357	
S00100.glut_max.C0              	-0.19167415	-0.19104125	0.0047704758	
S11000.iliopsoas.KL             	0.45925402	0.45383798	0.0046440535	
S11000.iliopsoas.L0             	0.55404742	0.55481175	0.0044275044	
S11000.iliopsoas-pelvis_tilt.P0 	-0.17783267	-0.17345536	0.0043909871	
S11000.iliopsoas-pelvis_tilt.KP 	0.83846174	0.86893078	0.046445818	
S11000.iliopsoas-pelvis_tilt.KV 	0.20104338	0.19602165	0.0045645604	
S11000.iliopsoas-hamstrings.KL  	-2.2307165	-2.1101398	0.16503878	
S11000.iliopsoas-hamstrings.L0  	0.89413602	0.89322811	0.0042387315	
S11000.hamstrings.KF            	0.60458326	0.60039706	0.00493442	
S11000.glut_max.KF              	0.4991412	0.5010691	0.004501554	
