pelvis_tilt.offset              	-0.028333641	-0.022498994	0.0039678488	
hip_flexion_r.offset            	-0.050090134	-0.047435155	0.0045211206	
knee_angle_r.offset             	0.018668712	0.023874134	0.0040652791	
ankle_angle_r.offset            	0.016508624	0.012822369	0.0050095469	
hip_flexion_l.offset            	0.048907074	0.055505083	0.004418634	
knee_angle_l.offset             	0.047424057	0.044073873	0.004492244	
ankle_angle_l.offset            	-0.00021520357	-0.011287612	0.0046674207	
stance_load_threshold           	0.032547658	0.031913802	0.0044693676	
S11111.tib_ant.KL               	1.7963759	1.7223696	0.047656867	
S11111.tib_ant.L0               	0.70297341	0.70978102	0.0045005888	
S11111.tib_ant-soleus.KF        	-0.29726014	-0.29743391	0.0045641442	
S00111.soleus.KF                	1.0480565	0.93402824	0.04984064	
S00111.gastroc.KF               	1.2859431	1.3495693	0.040179221	
S00111.soleus.KV                	0.28218418	0.25441796	0.022805184	
S00111.gastroc.KV               	0.057359188	0.041779178	0.021917666	
S11000.soleus.KV                	0.054920322	0.042928127	0.021659293	
S11000.gastroc.KV               	0.015409697	0.01555171	0.02277137	
S00011.vasti.KF                 	1.1330018	1.1158234	0.037264686	
S00011.vasti.C0                 	0.066358752	0.067138544	0.003778478	
S00011.vasti-knee_angle.pos_max 	-0.16304662	-0.15682857	0.0045664508	
S00011.hamstrings-pelvis_tilt.KP	1.5842896	1.5475283	0.04423401	
S00011.hamstrings-pelvis_tilt.KV	0.30988983	0.30889069	0.0044625129	
S00011.hamstrings-pelvis_tilt.C0	0.008261105	0.010354248	0.00458522	
S00011.glut_max-pelvis_tilt.KP  	1.4518062	1.4524397	0.04689419	
S00011.glut_max-pelvis_tilt.KV  	0.19279272	0.19181113	0.0045090014	
S00011.glut_max-pelvis_tilt.C0  	0.03674927	0.037444311	0.0042384861	
S00011.iliopsoas-pelvis_tilt.KP 	-1.1109714	-1.1032779	0.046260408	
S00011.iliopsoas-pelvis_tilt.KV 	-0.29229904	-0.29196235	0.0047875799	
S00011.iliopsoas-pelvis_tilt.C0 	0.2338402	0.22799912	0.0056482982	
S00100.iliopsoas.C0             	0.26937964	0.27210315	0.0045197828	
S00100.glut_max.C0              	-0.19717329	-0.19233005	0.0048590477	
S11000.iliopsoas.KL             	0.45867296	0.45978083	0.0047500437	
S11000.iliopsoas.L0             	0.5456844	0.55397985	0.0045066105	
S11000.iliopsoas-pelvis_tilt.P0 	-0.16566012	-0.17303471	0.004473608	
S11000.iliopsoas-pelvis_tilt.KP 	0.9174013	0.8623176	0.047282241	
S11000.iliopsoas-pelvis_tilt.KV 	0.19893451	0.19641205	0.0046544302	
S11000.iliopsoas-hamstrings.KL  	-2.3313192	-2.2849443	0.16844067	
S11000.iliopsoas-hamstrings.L0  	0.8967615	0.892907	0.0043229933	
S11000.hamstrings.KF            	0.60421786	0.60184788	0.0050231666	
S11000.glut_max.KF              	0.50747095	0.5003682	0.0045813398	
