pelvis_tilt.offset              	-0.029268904	-0.025349294	0.0040859047	
hip_flexion_r.offset            	-0.048489211	-0.049004991	0.0046441648	
knee_angle_r.offset             	0.021115498	0.022482829	0.0041767228	
ankle_angle_r.offset            	0.015016818	0.013823952	0.0051504812	
hip_flexion_l.offset            	0.052101878	0.053361963	0.0045473226	
knee_angle_l.offset             	0.048056818	0.044162615	0.0046200035	
ankle_angle_l.offset            	-0.0077242315	-0.0068489151	0.0048067163	
stance_load_threshold           	0.041832817	0.033601578	0.0045895728	
S11111.tib_ant.KL               	1.8091466	1.7219903	0.049168693	
S11111.tib_ant.L0               	0.70089695	0.70477074	0.0046658073	
S11111.tib_ant-soleus.KF        	-0.29616047	-0.2975087	0.0046878897	
S00111.soleus.KF                	1.02673	0.98463779	0.051449419	
S00111.gastroc.KF               	1.2752687	1.3314727	0.041517321	
S00111.soleus.KV                	0.28529159	0.27458434	0.023474622	
S00111.gastroc.KV               	0.043896718	0.049653535	0.022556017	
S11000.soleus.KV                	0.071267834	0.043849654	0.022239829	
S11000.gastroc.KV               	0.0064596115	0.016068551	0.023398534	
S00011.vasti.KF                 	1.1905677	1.1209559	0.038306798	
S00011.vasti.C0                 	0.06341327	0.065730519	0.0038858511	
S00011.vasti-knee_angle.pos_max 	-0.15440797	-0.1591969	0.004693703	
S00011.hamstrings-pelvis_tilt.KP	1.479198	1.5500138	0.045458712	
S00011.hamstrings-pelvis_tilt.KV	0.31730124	0.30907479	0.0045835119	
S00011.hamstrings-pelvis_tilt.C0	0.014642412	0.0087547839	0.0047082317	
S00011.glut_max-pelvis_tilt.KP  	1.4650413	1.4577755	0.048149079	
S00011.glut_max-pelvis_tilt.KV  	0.19532563	0.19338951	0.0046306721	
S00011.glut_max-pelvis_tilt.C0  	0.038775722	0.037465367	0.0043528278	
S00011.iliopsoas-pelvis_tilt.KP 	-1.1189098	-1.0926452	0.04754651	
S00011.iliopsoas-pelvis_tilt.KV 	-0.2874489	-0.29144717	0.0049165717	
S00011.iliopsoas-pelvis_tilt.C0 	0.22328676	0.23046244	0.0058137014	
S00100.iliopsoas.C0             	0.28092252	0.27376705	0.0046484366	
S00100.glut_max.C0              	-0.19978018	-0.19666516	0.0050008992	
S11000.iliopsoas.KL             	0.45884566	0.45930343	0.0048823816	
S11000.iliopsoas.L0             	0.54867509	0.55072761	0.0046400259	
S11000.iliopsoas-pelvis_tilt.P0 	-0.161654	-0.17165461	0.0046011899	
S11000.iliopsoas-pelvis_tilt.KP 	0.90941183	0.87533019	0.04862336	
S11000.iliopsoas-pelvis_tilt.KV 	0.19323554	0.19515458	0.0047880257	
S11000.iliopsoas-hamstrings.KL  	-2.0505139	-2.3330672	0.17315148	
S11000.iliopsoas-hamstrings.L0  	0.90570282	0.89751751	0.0044569713	
S11000.hamstrings.KF            	0.5978445	0.60197272	0.0051644316	
S11000.glut_max.KF              	0.50408447	0.50285686	0.0047100706	
