pelvis_tilt.offset              	-0.02277896	-0.025329561	0.00436389	
hip_flexion_r.offset            	-0.053755226	-0.052284184	0.0049559745	
knee_angle_r.offset             	0.023874961	0.029198772	0.0044822455	
ankle_angle_r.offset            	0.016884329	0.010056161	0.0055039928	
hip_flexion_l.offset            	0.066518413	0.059069778	0.0048722952	
knee_angle_l.offset             	0.046892867	0.046594835	0.0049226821	
ankle_angle_l.offset            	0.0010575597	-0.0032038846	0.0051346266	
stance_load_threshold           	0.041330363	0.031455175	0.0049249149	
S11111.tib_ant.KL               	1.9045239	1.8032489	0.053324691	
S11111.tib_ant.L0               	0.69484555	0.69942392	0.0051242887	
S11111.tib_ant-soleus.KF        	-0.287466	-0.29451751	0.0050051607	
S00111.soleus.KF                	1.2069705	1.0920479	0.056061746	
S00111.gastroc.KF               	1.2779394	1.2967593	0.045105301	
S00111.soleus.KV                	0.28514054	0.26735292	0.025200703	
S00111.gastroc.KV               	6.0416362e-05	0.021841928	0.024058539	
S11000.soleus.KV                	0.053729776	0.06229658	0.023739389	
S11000.gastroc.KV               	0.029524464	0.011143362	0.024944292	
S00011.vasti.KF                 	1.0723112	1.0920267	0.041020241	
S00011.vasti.C0                 	0.066985199	0.065865764	0.0041504233	
S00011.vasti-knee_angle.pos_max 	-0.16160674	-0.15442831	0.0050387219	
S00011.hamstrings-pelvis_tilt.KP	1.4528269	1.4947206	0.048689508	
S00011.hamstrings-pelvis_tilt.KV	0.30685126	0.31069028	0.0049023477	
S00011.hamstrings-pelvis_tilt.C0	0.0083745579	0.013400622	0.0050384175	
S00011.glut_max-pelvis_tilt.KP  	1.3880891	1.4688079	0.051452752	
S00011.glut_max-pelvis_tilt.KV  	0.1817269	0.19302252	0.0049404679	
S00011.glut_max-pelvis_tilt.C0  	0.03753883	0.034072192	0.0046552863	
S00011.iliopsoas-pelvis_tilt.KP 	-1.205604	-1.1531641	0.050977814	
S00011.iliopsoas-pelvis_tilt.KV 	-0.28701581	-0.28744346	0.0052615538	
S00011.iliopsoas-pelvis_tilt.C0 	0.22842281	0.22148724	0.0062276085	
S00100.iliopsoas.C0             	0.29185248	0.2806517	0.0050046218	
S00100.glut_max.C0              	-0.20648419	-0.20300146	0.0053538069	
S11000.iliopsoas.KL             	0.45679958	0.45490521	0.0052416771	
S11000.iliopsoas.L0             	0.55107289	0.55264272	0.0049882695	
S11000.iliopsoas-pelvis_tilt.P0 	-0.17169966	-0.17678934	0.0049559301	
S11000.iliopsoas-pelvis_tilt.KP 	0.85898547	0.86997196	0.052150283	
S11000.iliopsoas-pelvis_tilt.KV 	0.18931531	0.19195982	0.0051368481	
S11000.iliopsoas-hamstrings.KL  	-2.7849034	-2.4559783	0.1859925	
S11000.iliopsoas-hamstrings.L0  	0.90708401	0.90093544	0.0048225294	
S11000.hamstrings.KF            	0.60247552	0.59875935	0.0055218187	
S11000.glut_max.KF              	0.50115135	0.50336909	0.0050438662	
