pelvis_tilt.offset              	-0.022721292	-0.022421486	0.004373507	
hip_flexion_r.offset            	-0.052504939	-0.048823694	0.0049589492	
knee_angle_r.offset             	0.015029352	0.019858945	0.0044939755	
ankle_angle_r.offset            	1.1284803e-05	0.0049989132	0.0055140811	
hip_flexion_l.offset            	0.057922528	0.057081463	0.0048877497	
knee_angle_l.offset             	0.051244228	0.040536891	0.0049450052	
ankle_angle_l.offset            	0.0029147977	0.0016657466	0.0051798792	
stance_load_threshold           	0.031236088	0.027801971	0.0049622505	
S11111.tib_ant.KL               	1.765462	1.8180564	0.054375736	
S11111.tib_ant.L0               	0.69165593	0.69797482	0.0052454472	
S11111.tib_ant-soleus.KF        	-0.30128231	-0.28954788	0.0050487874	
S00111.soleus.KF                	1.2341456	1.189938	0.05738746	
S00111.gastroc.KF               	1.1777066	1.2449795	0.045755258	
S00111.soleus.KV                	0.22693849	0.20179034	0.025343331	
S00111.gastroc.KV               	0.021215227	0.036786797	0.024118304	
S11000.soleus.KV                	0.040214236	0.061399962	0.023783243	
S11000.gastroc.KV               	0.049275938	0.042248269	0.024990343	
S00011.vasti.KF                 	1.0790085	1.0719137	0.041127629	
S00011.vasti.C0                 	0.067036911	0.066938744	0.0041575365	
S00011.vasti-knee_angle.pos_max 	-0.16990656	-0.16667252	0.0050847256	
S00011.hamstrings-pelvis_tilt.KP	1.448433	1.5610019	0.048816991	
S00011.hamstrings-pelvis_tilt.KV	0.31713159	0.31307791	0.0049439143	
S00011.hamstrings-pelvis_tilt.C0	0.014442048	0.010602358	0.005069966	
S00011.glut_max-pelvis_tilt.KP  	1.4608361	1.4494474	0.051643014	
S00011.glut_max-pelvis_tilt.KV  	0.17984374	0.18160404	0.0049835353	
S00011.glut_max-pelvis_tilt.C0  	0.030655356	0.030467237	0.0046743965	
S00011.iliopsoas-pelvis_tilt.KP 	-1.1626195	-1.1617377	0.051346881	
S00011.iliopsoas-pelvis_tilt.KV 	-0.29839612	-0.29809341	0.0052883192	
S00011.iliopsoas-pelvis_tilt.C0 	0.22353665	0.22532505	0.0062546123	
S00100.iliopsoas.C0             	0.29661975	0.2870289	0.0051000132	
S00100.glut_max.C0              	-0.21138018	-0.20681708	0.0053841316	
S11000.iliopsoas.KL             	0.4556452	0.44941044	0.0052772516	
S11000.iliopsoas.L0             	0.54718799	0.55348157	0.0050179054	
S11000.iliopsoas-pelvis_tilt.P0 	-0.17433255	-0.18090932	0.0049760052	
S11000.iliopsoas-pelvis_tilt.KP 	0.87509773	0.84447266	0.052488915	
S11000.iliopsoas-pelvis_tilt.KV 	0.19355667	0.19687694	0.0051731269	
S11000.iliopsoas-hamstrings.KL  	-2.5530021	-2.3128326	0.18726058	
S11000.iliopsoas-hamstrings.L0  	0.90757409	0.90704322	0.0048825932	
S11000.hamstrings.KF            	0.60532995	0.60076055	0.0055356363	
S11000.glut_max.KF              	0.51182953	0.50678115	0.005062379	
