pelvis_tilt.offset              	-0.017525183	-0.023044944	0.0043887739	
hip_flexion_r.offset            	-0.051152635	-0.048788363	0.0049804504	
knee_angle_r.offset             	0.012835506	0.017982043	0.0045195463	
ankle_angle_r.offset            	0.0039087463	0.0022993173	0.0055414767	
hip_flexion_l.offset            	0.063523282	0.056808875	0.0049065777	
knee_angle_l.offset             	0.03800958	0.042613555	0.0049794883	
ankle_angle_l.offset            	0.007015398	0.0040301297	0.0052063841	
stance_load_threshold           	0.025683037	0.026896693	0.0049881243	
S11111.tib_ant.KL               	1.8329454	1.8289546	0.054706024	
S11111.tib_ant.L0               	0.68676505	0.69375709	0.0052840512	
S11111.tib_ant-soleus.KF        	-0.29735223	-0.29504074	0.0050882248	
S00111.soleus.KF                	1.186858	1.2232151	0.057851585	
S00111.gastroc.KF               	1.2969127	1.2376402	0.046062487	
S00111.soleus.KV                	0.20018392	0.21244475	0.025461353	
S00111.gastroc.KV               	0.041498918	0.038785973	0.024238134	
S11000.soleus.KV                	0.0374884	0.053067998	0.023879	
S11000.gastroc.KV               	0.039982323	0.031472077	0.025094972	
S00011.vasti.KF                 	1.0889271	1.0610896	0.041276281	
S00011.vasti.C0                 	0.069711305	0.06479087	0.0041749709	
S00011.vasti-knee_angle.pos_max 	-0.17477803	-0.16957882	0.0051158088	
S00011.hamstrings-pelvis_tilt.KP	1.4651302	1.516173	0.049141643	
S00011.hamstrings-pelvis_tilt.KV	0.31325192	0.31381339	0.004965692	
S00011.hamstrings-pelvis_tilt.C0	0.010417126	0.012762475	0.0050910015	
S00011.glut_max-pelvis_tilt.KP  	1.5330152	1.4632268	0.051829534	
S00011.glut_max-pelvis_tilt.KV  	0.17524965	0.18224045	0.0050056412	
S00011.glut_max-pelvis_tilt.C0  	0.029509096	0.030751241	0.0046954044	
S00011.iliopsoas-pelvis_tilt.KP 	-1.1862628	-1.1471683	0.051572229	
S00011.iliopsoas-pelvis_tilt.KV 	-0.29285727	-0.29882676	0.0053109649	
S00011.iliopsoas-pelvis_tilt.C0 	0.23251013	0.22376954	0.0062770317	
S00100.iliopsoas.C0             	0.28775861	0.29006744	0.0051400648	
S00100.glut_max.C0              	-0.19769017	-0.20816505	0.0054089032	
S11000.iliopsoas.KL             	0.44678605	0.44981697	0.0053042668	
S11000.iliopsoas.L0             	0.54194533	0.55077256	0.0050390508	
S11000.iliopsoas-pelvis_tilt.P0 	-0.17583163	-0.17921241	0.0049993347	
S11000.iliopsoas-pelvis_tilt.KP 	0.75923478	0.83797852	0.052758847	
S11000.iliopsoas-pelvis_tilt.KV 	0.20135845	0.19618711	0.005195549	
S11000.iliopsoas-hamstrings.KL  	-2.3229994	-2.3602858	0.18825902	
S11000.iliopsoas-hamstrings.L0  	0.89936089	0.90730335	0.004911161	
S11000.hamstrings.KF            	0.59583827	0.6001158	0.0055588582	
S11000.glut_max.KF              	0.50719512	0.50836589	0.0050867502	
