pelvis_tilt.offset              	-0.01909664	-0.021075418	0.0044073053	
hip_flexion_r.offset            	-0.040481707	-0.046334878	0.0049864718	
knee_angle_r.offset             	0.019099868	0.019149813	0.004522722	
ankle_angle_r.offset            	-0.0050883132	0.0010609016	0.0055494649	
hip_flexion_l.offset            	0.063952744	0.058710741	0.004916744	
knee_angle_l.offset             	0.044513368	0.048546947	0.0050231587	
ankle_angle_l.offset            	0.018502996	0.0091940395	0.0052481972	
stance_load_threshold           	0.031194807	0.041507386	0.0050408546	
S11111.tib_ant.KL               	1.9391053	1.888702	0.055121688	
S11111.tib_ant.L0               	0.68075247	0.6887255	0.0053704794	
S11111.tib_ant-soleus.KF        	-0.29928739	-0.29776876	0.0050968005	
S00111.soleus.KF                	1.2233622	1.2474336	0.058498624	
S00111.gastroc.KF               	1.2529661	1.2557073	0.046311915	
S00111.soleus.KV                	0.17558611	0.19679115	0.025633652	
S00111.gastroc.KV               	0.036636297	0.035558407	0.024325326	
S11000.soleus.KV                	0.023710802	0.019710246	0.023885232	
S11000.gastroc.KV               	0.037708857	0.047910712	0.025110624	
S00011.vasti.KF                 	1.0525643	1.1202567	0.041401707	
S00011.vasti.C0                 	0.064702153	0.062867515	0.0041886845	
S00011.vasti-knee_angle.pos_max 	-0.16283699	-0.16680007	0.005140839	
S00011.hamstrings-pelvis_tilt.KP	1.4813167	1.4418316	0.049354772	
S00011.hamstrings-pelvis_tilt.KV	0.32178035	0.31673101	0.0049849101	
S00011.hamstrings-pelvis_tilt.C0	0.010355109	0.01232744	0.0051000948	
S00011.glut_max-pelvis_tilt.KP  	1.5264129	1.475802	0.052028476	
S00011.glut_max-pelvis_tilt.KV  	0.18157767	0.18108016	0.0050271872	
S00011.glut_max-pelvis_tilt.C0  	0.029600261	0.030601151	0.0047086084	
S00011.iliopsoas-pelvis_tilt.KP 	-1.2300886	-1.1705811	0.051659058	
S00011.iliopsoas-pelvis_tilt.KV 	-0.29460773	-0.29515723	0.005321375	
S00011.iliopsoas-pelvis_tilt.C0 	0.23547707	0.23389804	0.00630189	
S00100.iliopsoas.C0             	0.2941847	0.29038483	0.0051732838	
S00100.glut_max.C0              	-0.20126908	-0.20592324	0.0054382933	
S11000.iliopsoas.KL             	0.46606221	0.45425584	0.0053295168	
S11000.iliopsoas.L0             	0.5441364	0.54336921	0.0050601465	
S11000.iliopsoas-pelvis_tilt.P0 	-0.17406348	-0.17330271	0.0050254585	
S11000.iliopsoas-pelvis_tilt.KP 	0.95248052	0.92250539	0.053146344	
S11000.iliopsoas-pelvis_tilt.KV 	0.17839635	0.18675923	0.0052232561	
S11000.iliopsoas-hamstrings.KL  	-2.1288136	-2.3328118	0.18913473	
S11000.iliopsoas-hamstrings.L0  	0.90053067	0.90934958	0.0049483146	
S11000.hamstrings.KF            	0.60337036	0.60036764	0.0055657107	
S11000.glut_max.KF              	0.49966119	0.51169798	0.0050893635	
