pelvis_tilt.offset              	-0.024225505	-0.022952965	0.0044003854	
hip_flexion_r.offset            	-0.032203728	-0.036423811	0.0049976933	
knee_angle_r.offset             	0.026110179	0.02240967	0.0045200331	
ankle_angle_r.offset            	0.0034811678	-0.0018169167	0.00555594	
hip_flexion_l.offset            	0.058572278	0.060851663	0.0049107288	
knee_angle_l.offset             	0.055897476	0.052348506	0.0050460252	
ankle_angle_l.offset            	0.00035573863	0.002695096	0.0052761776	
stance_load_threshold           	0.051364218	0.044592033	0.005079422	
S11111.tib_ant.KL               	1.9178991	1.9318307	0.05547056	
S11111.tib_ant.L0               	0.68772245	0.68402635	0.0054136835	
S11111.tib_ant-soleus.KF        	-0.29343245	-0.29485151	0.0051077342	
S00111.soleus.KF                	1.2914279	1.2427756	0.058807721	
S00111.gastroc.KF               	1.1627698	1.2481034	0.046310941	
S00111.soleus.KV                	0.23407762	0.19598468	0.025663089	
S00111.gastroc.KV               	0.044198026	0.054809997	0.024308754	
S11000.soleus.KV                	0.05214304	0.035221243	0.023855924	
S11000.gastroc.KV               	0.021353476	0.047130505	0.025058068	
S00011.vasti.KF                 	1.0142469	1.0799832	0.04139053	
S00011.vasti.C0                 	0.070368278	0.06960083	0.0042033404	
S00011.vasti-knee_angle.pos_max 	-0.15438314	-0.16001626	0.005143966	
S00011.hamstrings-pelvis_tilt.KP	1.6074253	1.5240848	0.049354996	
S00011.hamstrings-pelvis_tilt.KV	0.32382781	0.31950583	0.0049810217	
S00011.hamstrings-pelvis_tilt.C0	0.011094926	0.0070047231	0.0050975759	
S00011.glut_max-pelvis_tilt.KP  	1.5205622	1.5271909	0.052116957	
S00011.glut_max-pelvis_tilt.KV  	0.18034415	0.18179161	0.005027265	
S00011.glut_max-pelvis_tilt.C0  	0.029792909	0.031006808	0.0047094546	
S00011.iliopsoas-pelvis_tilt.KP 	-1.1937126	-1.1725977	0.051672689	
S00011.iliopsoas-pelvis_tilt.KV 	-0.28979366	-0.29283982	0.0053072912	
S00011.iliopsoas-pelvis_tilt.C0 	0.24452082	0.24642921	0.0063461635	
S00100.iliopsoas.C0             	0.29410725	0.29055084	0.0051831738	
S00100.glut_max.C0              	-0.19208197	-0.19748512	0.0054459962	
S11000.iliopsoas.KL             	0.45895612	0.45573812	0.005341017	
S11000.iliopsoas.L0             	0.54695568	0.552242	0.0050739969	
S11000.iliopsoas-pelvis_tilt.P0 	-0.1719623	-0.17437923	0.0050311492	
S11000.iliopsoas-pelvis_tilt.KP 	0.96916216	0.91802089	0.053150231	
S11000.iliopsoas-pelvis_tilt.KV 	0.19361759	0.19187453	0.0052466085	
S11000.iliopsoas-hamstrings.KL  	-1.8020179	-2.1280332	0.18927084	
S11000.iliopsoas-hamstrings.L0  	0.91072705	0.91418575	0.0049800044	
S11000.hamstrings.KF            	0.5962724	0.59369026	0.0055641113	
S11000.glut_max.KF              	0.50177127	0.50515583	0.0051062068	
