pelvis_tilt.offset              	-0.027573882	-0.027839599	0.0018037619	
hip_flexion_r.offset            	-0.029840233	-0.027329306	0.0019709686	
knee_angle_r.offset             	0.01718976	0.014710037	0.0018671294	
ankle_angle_r.offset            	0.0028432892	0.0033591466	0.0021706389	
hip_flexion_l.offset            	0.050146495	0.051942761	0.0019825322	
knee_angle_l.offset             	0.052555737	0.047552514	0.0019642654	
ankle_angle_l.offset            	-0.020704563	-0.018896702	0.0019869845	
stance_load_threshold           	0.01171277	0.01080079	0.001907415	
S11111.tib_ant.KL               	1.2589991	1.2665729	0.020155809	
S11111.tib_ant.L0               	0.73913853	0.73829848	0.0018410292	
S11111.tib_ant-soleus.KF        	-0.29998262	-0.29896612	0.0020477321	
S00111.soleus.KF                	0.42798967	0.415179	0.018899608	
S00111.gastroc.KF               	1.509289	1.5200266	0.016764814	
S00111.soleus.KV                	1.0462273	1	0.1	
S00111.gastroc.KV               	0.89096901	1	0.1	
S11000.soleus.KV                	0.095823986	0.1	0.01	
S11000.gastroc.KV               	0.091737222	0.1	0.01	
S00011.vasti.KF                 	1.0448454	1.0607372	0.016545032	
S00011.vasti.C0                 	0.071215665	0.071125439	0.0016763428	
S00011.vasti-knee_angle.pos_max 	-0.15639158	-0.15734828	0.0020240168	
S00011.hamstrings-pelvis_tilt.KP	1.585615	1.5921283	0.019410906	
S00011.hamstrings-pelvis_tilt.KV	0.30250158	0.30134848	0.0019625326	
S00011.hamstrings-pelvis_tilt.C0	0.02085738	0.021000392	0.0020258527	
S00011.glut_max-pelvis_tilt.KP  	1.6203657	1.595869	0.019922873	
S00011.glut_max-pelvis_tilt.KV  	0.20451234	0.20389492	0.0019931114	
S00011.glut_max-pelvis_tilt.C0  	0.040864954	0.040613874	0.001895641	
S00011.iliopsoas-pelvis_tilt.KP 	-1.239476	-1.2411512	0.020314469	
S00011.iliopsoas-pelvis_tilt.KV 	-0.29443431	-0.2953357	0.0020347332	
S00011.iliopsoas-pelvis_tilt.C0 	0.20362368	0.20346091	0.0024719793	
S00100.iliopsoas.C0             	0.25976493	0.26110439	0.001986472	
S00100.glut_max.C0              	-0.17594614	-0.17445719	0.0020442756	
S11000.iliopsoas.KL             	0.43813209	0.44251196	0.0021269971	
S11000.iliopsoas.L0             	0.55334769	0.55102521	0.0019634739	
S11000.iliopsoas-pelvis_tilt.P0 	-0.16817853	-0.16971345	0.0020808632	
S11000.iliopsoas-pelvis_tilt.KP 	0.79820356	0.83311061	0.020581564	
S11000.iliopsoas-pelvis_tilt.KV 	0.23549914	0.2370426	0.0019413625	
S11000.iliopsoas-hamstrings.KL  	-1.1746721	-0.94717279	0.077203463	
S11000.iliopsoas-hamstrings.L0  	0.87099674	0.87059874	0.0019444149	
S11000.hamstrings.KF            	0.58141053	0.57892314	0.0020506647	
S11000.glut_max.KF              	0.48545932	0.48368944	0.002063883	
