pelvis_tilt.offset              	-0.025081992	-0.026968926	0.0015708908	
hip_flexion_r.offset            	-0.02557025	-0.026848712	0.0017119817	
knee_angle_r.offset             	0.010547725	0.011788108	0.0016296759	
ankle_angle_r.offset            	0.0041302777	0.0026353515	0.0018899303	
hip_flexion_l.offset            	0.056764003	0.055053331	0.0017299412	
knee_angle_l.offset             	0.050240234	0.049941921	0.0017104126	
ankle_angle_l.offset            	-0.018199932	-0.020589711	0.0017292114	
stance_load_threshold           	0.014865321	0.015467193	0.001664309	
S11111.tib_ant.KL               	1.2568951	1.2532362	0.017490591	
S11111.tib_ant.L0               	0.74001191	0.74024841	0.0016007053	
S11111.tib_ant-soleus.KF        	-0.30112827	-0.29937379	0.0017775355	
S00111.soleus.KF                	0.44759571	0.42260084	0.016470581	
S00111.gastroc.KF               	1.5685321	1.5401572	0.014551909	
S00111.soleus.KV                	0.79734173	0.88649212	0.087011015	
S00111.gastroc.KV               	0.8379011	0.95111135	0.087206606	
S11000.soleus.KV                	0.093072957	0.093140911	0.0087065863	
S11000.gastroc.KV               	0.12390615	0.11144989	0.0086800061	
S00011.vasti.KF                 	1.0585549	1.0691755	0.014423091	
S00011.vasti.C0                 	0.071763747	0.073031942	0.0014568807	
S00011.vasti-knee_angle.pos_max 	-0.15311061	-0.15355446	0.0017670137	
S00011.hamstrings-pelvis_tilt.KP	1.6083294	1.5889204	0.01686817	
S00011.hamstrings-pelvis_tilt.KV	0.29716422	0.2982615	0.0017109761	
S00011.hamstrings-pelvis_tilt.C0	0.016920379	0.017984286	0.0017721898	
S00011.glut_max-pelvis_tilt.KP  	1.5879265	1.5863409	0.017342348	
S00011.glut_max-pelvis_tilt.KV  	0.20088405	0.20275129	0.0017354844	
S00011.glut_max-pelvis_tilt.C0  	0.038017256	0.039316892	0.0016515013	
S00011.iliopsoas-pelvis_tilt.KP 	-1.2355001	-1.2387796	0.017614293	
S00011.iliopsoas-pelvis_tilt.KV 	-0.29431173	-0.2947898	0.0017745039	
S00011.iliopsoas-pelvis_tilt.C0 	0.2069361	0.20677829	0.0021563692	
S00100.iliopsoas.C0             	0.26115007	0.2629777	0.0017290944	
S00100.glut_max.C0              	-0.18028081	-0.17860236	0.0017897198	
S11000.iliopsoas.KL             	0.44339172	0.44190904	0.001851454	
S11000.iliopsoas.L0             	0.54760214	0.54987633	0.0017036462	
S11000.iliopsoas-pelvis_tilt.P0 	-0.16816348	-0.16793	0.0018146826	
S11000.iliopsoas-pelvis_tilt.KP 	0.83359934	0.81589413	0.017938904	
S11000.iliopsoas-pelvis_tilt.KV 	0.23617518	0.23728691	0.0016924311	
S11000.iliopsoas-hamstrings.KL  	-1.2406856	-1.2623197	0.068309942	
S11000.iliopsoas-hamstrings.L0  	0.86603682	0.86937696	0.0016818403	
S11000.hamstrings.KF            	0.57684777	0.57762025	0.0017959514	
S11000.glut_max.KF              	0.48387267	0.48526278	0.0017971709	
