pelvis_tilt.offset              	-0.02325694	-0.026752478	0.0016468145	
hip_flexion_r.offset            	-0.023665887	-0.024837595	0.0017956437	
knee_angle_r.offset             	0.012749384	0.0120069	0.0017089312	
ankle_angle_r.offset            	0.0027263121	0.0024987956	0.0019800064	
hip_flexion_l.offset            	0.052126738	0.05622753	0.0018175408	
knee_angle_l.offset             	0.051143182	0.049926921	0.0017944908	
ankle_angle_l.offset            	-0.020426237	-0.020482969	0.0018138991	
stance_load_threshold           	0.012122029	0.015256842	0.0017458341	
S11111.tib_ant.KL               	1.2369514	1.2524092	0.01832671	
S11111.tib_ant.L0               	0.7395518	0.73932852	0.0016785327	
S11111.tib_ant-soleus.KF        	-0.2980378	-0.29980115	0.0018637467	
S00111.soleus.KF                	0.43907095	0.43387795	0.017291814	
S00111.gastroc.KF               	1.5375981	1.5513188	0.015299664	
S00111.soleus.KV                	0.93128163	0.77442514	0.091388782	
S00111.gastroc.KV               	0.94507194	0.91369292	0.091456185	
S11000.soleus.KV                	0.094906092	0.086086548	0.0091483682	
S11000.gastroc.KV               	0.13401123	0.1305877	0.0091592914	
S00011.vasti.KF                 	1.0879302	1.0664856	0.01512791	
S00011.vasti.C0                 	0.072445754	0.072323131	0.0015265571	
S00011.vasti-knee_angle.pos_max 	-0.15492846	-0.15333056	0.0018538978	
S00011.hamstrings-pelvis_tilt.KP	1.5828388	1.5880264	0.017676116	
S00011.hamstrings-pelvis_tilt.KV	0.30011829	0.29834765	0.0017943816	
S00011.hamstrings-pelvis_tilt.C0	0.022280881	0.017075398	0.0018588855	
S00011.glut_max-pelvis_tilt.KP  	1.5908383	1.5808431	0.018171747	
S00011.glut_max-pelvis_tilt.KV  	0.20198362	0.20328248	0.0018229576	
S00011.glut_max-pelvis_tilt.C0  	0.040194987	0.038739979	0.0017308127	
S00011.iliopsoas-pelvis_tilt.KP 	-1.2642909	-1.2381469	0.018485835	
S00011.iliopsoas-pelvis_tilt.KV 	-0.29321483	-0.29441381	0.0018598096	
S00011.iliopsoas-pelvis_tilt.C0 	0.20496151	0.20625421	0.0022582069	
S00100.iliopsoas.C0             	0.25989736	0.26029112	0.0018166831	
S00100.glut_max.C0              	-0.17957213	-0.18005422	0.0018836132	
S11000.iliopsoas.KL             	0.44294478	0.4419245	0.0019400745	
S11000.iliopsoas.L0             	0.54616955	0.54954901	0.0017870362	
S11000.iliopsoas-pelvis_tilt.P0 	-0.16714203	-0.16757301	0.0019024589	
S11000.iliopsoas-pelvis_tilt.KP 	0.83645961	0.83026546	0.018812185	
S11000.iliopsoas-pelvis_tilt.KV 	0.23899987	0.2365319	0.0017724988	
S11000.iliopsoas-hamstrings.KL  	-1.4303048	-1.3264239	0.072169685	
S11000.iliopsoas-hamstrings.L0  	0.86894347	0.86677781	0.0017690874	
S11000.hamstrings.KF            	0.57927335	0.57820125	0.0018833757	
S11000.glut_max.KF              	0.48265429	0.48364115	0.0018846729	
