pelvis_tilt.offset              	-0.028576273	-0.025439673	0.0017386439	
hip_flexion_r.offset            	-0.027521479	-0.024159676	0.001887529	
knee_angle_r.offset             	0.011078686	0.011775332	0.0017974956	
ankle_angle_r.offset            	0.0048869891	0.0026026473	0.0020771342	
hip_flexion_l.offset            	0.054645564	0.055790412	0.0019162968	
knee_angle_l.offset             	0.052425095	0.05123976	0.001886757	
ankle_angle_l.offset            	-0.02491452	-0.021549586	0.0019091159	
stance_load_threshold           	0.014524085	0.015559171	0.0018412896	
S11111.tib_ant.KL               	1.2450796	1.2551488	0.01924756	
S11111.tib_ant.L0               	0.73755237	0.73702935	0.001766596	
S11111.tib_ant-soleus.KF        	-0.29841127	-0.29898467	0.0019575019	
S00111.soleus.KF                	0.41388692	0.42663033	0.018158661	
S00111.gastroc.KF               	1.5375363	1.5543011	0.016110016	
S00111.soleus.KV                	0.87594434	0.78723882	0.096271171	
S00111.gastroc.KV               	0.9132869	0.91665518	0.096040076	
S11000.soleus.KV                	0.080157805	0.079920684	0.0096382511	
S11000.gastroc.KV               	0.15817489	0.13603732	0.0096942869	
S00011.vasti.KF                 	1.1026579	1.0862231	0.015924907	
S00011.vasti.C0                 	0.073638153	0.072495911	0.0016039328	
S00011.vasti-knee_angle.pos_max 	-0.15645895	-0.15404473	0.0019460814	
S00011.hamstrings-pelvis_tilt.KP	1.5430038	1.5915906	0.018589773	
S00011.hamstrings-pelvis_tilt.KV	0.29899495	0.29826622	0.0018851239	
S00011.hamstrings-pelvis_tilt.C0	0.018556953	0.019213734	0.001963539	
S00011.glut_max-pelvis_tilt.KP  	1.5628353	1.5772433	0.019099336	
S00011.glut_max-pelvis_tilt.KV  	0.20256979	0.20282387	0.0019142933	
S00011.glut_max-pelvis_tilt.C0  	0.040303123	0.040436975	0.0018184817	
S00011.iliopsoas-pelvis_tilt.KP 	-1.2195837	-1.2264438	0.019456919	
S00011.iliopsoas-pelvis_tilt.KV 	-0.29514924	-0.29378537	0.0019532212	
S00011.iliopsoas-pelvis_tilt.C0 	0.20146194	0.2047424	0.002373183	
S00100.iliopsoas.C0             	0.2595442	0.26017009	0.0019051341	
S00100.glut_max.C0              	-0.18535199	-0.18245029	0.001989146	
S11000.iliopsoas.KL             	0.4410637	0.44265928	0.0020378319	
S11000.iliopsoas.L0             	0.54993078	0.5487931	0.0018807054	
S11000.iliopsoas-pelvis_tilt.P0 	-0.16562462	-0.16828883	0.0019953767	
S11000.iliopsoas-pelvis_tilt.KP 	0.86632187	0.84151115	0.019768475	
S11000.iliopsoas-pelvis_tilt.KV 	0.23574194	0.23698	0.0018625089	
S11000.iliopsoas-hamstrings.KL  	-1.4649614	-1.4426909	0.076961735	
S11000.iliopsoas-hamstrings.L0  	0.87112369	0.87001052	0.0018623858	
S11000.hamstrings.KF            	0.58085056	0.57743885	0.0019861056	
S11000.glut_max.KF              	0.47703888	0.48183327	0.0019825753	
