pelvis_tilt.offset              	-0.028633052	-0.028150274	0.0020366264	
hip_flexion_r.offset            	-0.031488307	-0.030425575	0.0022219038	
knee_angle_r.offset             	0.020967419	0.017660116	0.0021209097	
ankle_angle_r.offset            	0.00037214545	0.0032272507	0.0024546163	
hip_flexion_l.offset            	0.050789777	0.053038927	0.0022394997	
knee_angle_l.offset             	0.052282133	0.050284799	0.0022010534	
ankle_angle_l.offset            	-0.028184831	-0.027046323	0.0022638639	
stance_load_threshold           	0.017303815	0.016230951	0.0021635506	
S11111.tib_ant.KL               	1.1845415	1.1838288	0.022866197	
S11111.tib_ant.L0               	0.74293241	0.73922852	0.0020530068	
S11111.tib_ant-soleus.KF        	-0.30641006	-0.30369943	0.00228594	
S00111.soleus.KF                	0.45588758	0.4334217	0.021233512	
S00111.gastroc.KF               	1.6176772	1.601573	0.019293902	
S00111.soleus.KV                	0.83148144	0.63659944	0.1131135	
S00111.gastroc.KV               	1.4928752	1.3194829	0.11281053	
S11000.soleus.KV                	0.085488056	0.082821667	0.011327231	
S11000.gastroc.KV               	0.1471821	0.14159138	0.011655599	
S00011.vasti.KF                 	1.0871553	1.11388	0.018787004	
S00011.vasti.C0                 	0.068213485	0.068263984	0.0019020823	
S00011.vasti-knee_angle.pos_max 	-0.15464155	-0.15529443	0.0022817324	
S00011.hamstrings-pelvis_tilt.KP	1.6075185	1.6094139	0.021835473	
S00011.hamstrings-pelvis_tilt.KV	0.29716852	0.29797895	0.0022067413	
S00011.hamstrings-pelvis_tilt.C0	0.015352751	0.015043365	0.0023305883	
S00011.glut_max-pelvis_tilt.KP  	1.5506867	1.558643	0.022488659	
S00011.glut_max-pelvis_tilt.KV  	0.20588069	0.20219341	0.0022329854	
S00011.glut_max-pelvis_tilt.C0  	0.035282686	0.037291926	0.0021342718	
S00011.iliopsoas-pelvis_tilt.KP 	-1.2255762	-1.2238646	0.022739749	
S00011.iliopsoas-pelvis_tilt.KV 	-0.29380767	-0.29340108	0.0022784435	
S00011.iliopsoas-pelvis_tilt.C0 	0.21663292	0.21035784	0.002778532	
S00100.iliopsoas.C0             	0.25796762	0.25778506	0.0022236367	
S00100.glut_max.C0              	-0.18141791	-0.17957896	0.002340436	
S11000.iliopsoas.KL             	0.43283341	0.43667713	0.0024105055	
S11000.iliopsoas.L0             	0.54480923	0.54570737	0.0022182274	
S11000.iliopsoas-pelvis_tilt.P0 	-0.17317938	-0.1730171	0.0023304046	
S11000.iliopsoas-pelvis_tilt.KP 	0.80609955	0.84014929	0.023187948	
S11000.iliopsoas-pelvis_tilt.KV 	0.22775788	0.23217878	0.0021905501	
S11000.iliopsoas-hamstrings.KL  	-1.7050078	-1.6699029	0.093795672	
S11000.iliopsoas-hamstrings.L0  	0.87172075	0.87203339	0.0021807424	
S11000.hamstrings.KF            	0.57703537	0.57975845	0.0023319096	
S11000.glut_max.KF              	0.48268191	0.48093771	0.002340831	
