pelvis_tilt.offset              	-0.023690469	-0.025245431	0.0016102609	
hip_flexion_r.offset            	-0.027194812	-0.024932104	0.0017618593	
knee_angle_r.offset             	0.014989821	0.014879029	0.0016668518	
ankle_angle_r.offset            	0.0060506971	0.0058480485	0.0019372567	
hip_flexion_l.offset            	0.053293064	0.051783914	0.0017665279	
knee_angle_l.offset             	0.051425352	0.048580976	0.001753428	
ankle_angle_l.offset            	-0.01774183	-0.017538517	0.0017734659	
stance_load_threshold           	0.014646246	0.011097468	0.0016982254	
S11111.tib_ant.KL               	1.2391909	1.2856688	0.017954634	
S11111.tib_ant.L0               	0.74005475	0.73984947	0.0016438217	
S11111.tib_ant-soleus.KF        	-0.30064548	-0.29993848	0.0018240239	
S00111.soleus.KF                	0.42190295	0.43893673	0.016873327	
S00111.gastroc.KF               	1.564544	1.5459707	0.015010169	
S00111.soleus.KV                	0.092428889	0.10025788	0.0089147614	
S00111.gastroc.KV               	0.099995291	0.095955244	0.0089130915	
S11000.soleus.KV                	0.073594984	0.094261337	0.0089149003	
S11000.gastroc.KV               	0.099526347	0.099593296	0.0089006683	
S00011.vasti.KF                 	1.0917329	1.0788452	0.014807211	
S00011.vasti.C0                 	0.069605971	0.07027669	0.0014948276	
S00011.vasti-knee_angle.pos_max 	-0.15025049	-0.15499668	0.0018059334	
S00011.hamstrings-pelvis_tilt.KP	1.5825079	1.5768798	0.017303755	
S00011.hamstrings-pelvis_tilt.KV	0.29963575	0.30016529	0.0017529907	
S00011.hamstrings-pelvis_tilt.C0	0.019750487	0.019601763	0.0018153353	
S00011.glut_max-pelvis_tilt.KP  	1.6020642	1.5977447	0.017749671	
S00011.glut_max-pelvis_tilt.KV  	0.20719014	0.20609088	0.0017809204	
S00011.glut_max-pelvis_tilt.C0  	0.040673829	0.039454516	0.0016909324	
S00011.iliopsoas-pelvis_tilt.KP 	-1.2688489	-1.2491336	0.018164179	
S00011.iliopsoas-pelvis_tilt.KV 	-0.29668136	-0.29639907	0.001818275	
S00011.iliopsoas-pelvis_tilt.C0 	0.20933682	0.20579691	0.0022061863	
S00100.iliopsoas.C0             	0.2615695	0.26132831	0.0017716969	
S00100.glut_max.C0              	-0.17674518	-0.17516244	0.001826612	
S11000.iliopsoas.KL             	0.44525276	0.44246283	0.0018971327	
S11000.iliopsoas.L0             	0.54711424	0.55000193	0.0017515246	
S11000.iliopsoas-pelvis_tilt.P0 	-0.16736649	-0.16551293	0.0018631914	
S11000.iliopsoas-pelvis_tilt.KP 	0.82449065	0.82826259	0.018348754	
S11000.iliopsoas-pelvis_tilt.KV 	0.23735382	0.23727987	0.001728642	
S11000.iliopsoas-hamstrings.KL  	-1.0522161	-1.0533354	0.069111475	
S11000.iliopsoas-hamstrings.L0  	0.8687815	0.86988179	0.0017348883	
S11000.hamstrings.KF            	0.5771349	0.57594174	0.0018405588	
S11000.glut_max.KF              	0.48448595	0.48483618	0.0018376836	
