pelvis_tilt.offset              	-0.024346777	-0.023171444	0.0017352646	
hip_flexion_r.offset            	-0.028120919	-0.026686753	0.001900388	
knee_angle_r.offset             	0.015675362	0.016092884	0.001788077	
ankle_angle_r.offset            	0.0064077171	0.0056458859	0.0020805292	
hip_flexion_l.offset            	0.054727583	0.054423923	0.0019131489	
knee_angle_l.offset             	0.048125407	0.046300874	0.0018904286	
ankle_angle_l.offset            	-0.02292135	-0.019075094	0.0019110533	
stance_load_threshold           	0.013252799	0.013741346	0.0018317571	
S11111.tib_ant.KL               	1.1961418	1.1986968	0.019561988	
S11111.tib_ant.L0               	0.74342071	0.74093078	0.0017744314	
S11111.tib_ant-soleus.KF        	-0.29312564	-0.29615901	0.0019731351	
S00111.soleus.KF                	0.41470512	0.42617262	0.018130863	
S00111.gastroc.KF               	1.5409912	1.5572285	0.01621354	
S00111.soleus.KV                	0.10578021	0.09679741	0.0095701654	
S00111.gastroc.KV               	0.067989126	0.092829793	0.0095863227	
S11000.soleus.KV                	0.085970975	0.098479955	0.0095873793	
S11000.gastroc.KV               	0.098469714	0.10549162	0.0095853507	
S00011.vasti.KF                 	1.0438478	1.0627916	0.015923843	
S00011.vasti.C0                 	0.068920822	0.06987532	0.0016059562	
S00011.vasti-knee_angle.pos_max 	-0.15379477	-0.15494502	0.0019637162	
S00011.hamstrings-pelvis_tilt.KP	1.5504082	1.5681876	0.018587081	
S00011.hamstrings-pelvis_tilt.KV	0.30129903	0.29881997	0.0018911668	
S00011.hamstrings-pelvis_tilt.C0	0.015584837	0.015547463	0.0019674074	
S00011.glut_max-pelvis_tilt.KP  	1.6507115	1.6106562	0.019060687	
S00011.glut_max-pelvis_tilt.KV  	0.2065304	0.20863261	0.0019215315	
S00011.glut_max-pelvis_tilt.C0  	0.037987721	0.038755013	0.0018159923	
S00011.iliopsoas-pelvis_tilt.KP 	-1.3243019	-1.2750566	0.019590902	
S00011.iliopsoas-pelvis_tilt.KV 	-0.29427743	-0.29339341	0.0019610788	
S00011.iliopsoas-pelvis_tilt.C0 	0.21174611	0.21099079	0.0024110885	
S00100.iliopsoas.C0             	0.26018645	0.26129517	0.0019040322	
S00100.glut_max.C0              	-0.17750243	-0.17418066	0.0019784	
S11000.iliopsoas.KL             	0.43991209	0.44207424	0.0020407783	
S11000.iliopsoas.L0             	0.54611639	0.54845951	0.0018868172	
S11000.iliopsoas-pelvis_tilt.P0 	-0.16210711	-0.16369492	0.0020171554	
S11000.iliopsoas-pelvis_tilt.KP 	0.86345162	0.84766914	0.019791003	
S11000.iliopsoas-pelvis_tilt.KV 	0.23723946	0.23515908	0.0018670727	
S11000.iliopsoas-hamstrings.KL  	-1.0421947	-1.0368226	0.074490964	
S11000.iliopsoas-hamstrings.L0  	0.87053695	0.8697121	0.0018669502	
S11000.hamstrings.KF            	0.57561128	0.57301186	0.0019910664	
S11000.glut_max.KF              	0.48136341	0.48543623	0.0019755466	
