pelvis_tilt.offset              	-0.026036468	-0.027839599	0.0018037619	
hip_flexion_r.offset            	-0.025419933	-0.027329306	0.0019709686	
knee_angle_r.offset             	0.015551587	0.014710037	0.0018671294	
ankle_angle_r.offset            	0.0021473829	0.0033591466	0.0021706389	
hip_flexion_l.offset            	0.051579931	0.051942761	0.0019825322	
knee_angle_l.offset             	0.047533067	0.047552514	0.0019642654	
ankle_angle_l.offset            	-0.015532647	-0.018896702	0.0019869845	
stance_load_threshold           	0.01072809	0.01080079	0.001907415	
S11111.tib_ant.KL               	1.2825081	1.2665729	0.020155809	
S11111.tib_ant.L0               	0.73668351	0.73829848	0.0018410292	
S11111.tib_ant-soleus.KF        	-0.29880474	-0.29896612	0.0020477321	
S00111.soleus.KF                	0.43675538	0.415179	0.018899608	
S00111.gastroc.KF               	1.5561209	1.5200266	0.016764814	
S00111.soleus.KV                	0.096493459	0.1	0.01	
S00111.gastroc.KV               	0.10797678	0.1	0.01	
S11000.soleus.KV                	0.086690786	0.1	0.01	
S11000.gastroc.KV               	0.10358952	0.1	0.01	
S00011.vasti.KF                 	1.0875723	1.0607372	0.016545032	
S00011.vasti.C0                 	0.068833485	0.071125439	0.0016763428	
S00011.vasti-knee_angle.pos_max 	-0.1551068	-0.15734828	0.0020240168	
S00011.hamstrings-pelvis_tilt.KP	1.5898537	1.5921283	0.019410906	
S00011.hamstrings-pelvis_tilt.KV	0.3024846	0.30134848	0.0019625326	
S00011.hamstrings-pelvis_tilt.C0	0.0165916	0.021000392	0.0020258527	
S00011.glut_max-pelvis_tilt.KP  	1.5857295	1.595869	0.019922873	
S00011.glut_max-pelvis_tilt.KV  	0.20488779	0.20389492	0.0019931114	
S00011.glut_max-pelvis_tilt.C0  	0.038942163	0.040613874	0.001895641	
S00011.iliopsoas-pelvis_tilt.KP 	-1.2270551	-1.2411512	0.020314469	
S00011.iliopsoas-pelvis_tilt.KV 	-0.29841212	-0.2953357	0.0020347332	
S00011.iliopsoas-pelvis_tilt.C0 	0.20662672	0.20346091	0.0024719793	
S00100.iliopsoas.C0             	0.26013424	0.26110439	0.001986472	
S00100.glut_max.C0              	-0.17213926	-0.17445719	0.0020442756	
S11000.iliopsoas.KL             	0.44199624	0.44251196	0.0021269971	
S11000.iliopsoas.L0             	0.54885513	0.55102521	0.0019634739	
S11000.iliopsoas-pelvis_tilt.P0 	-0.16857993	-0.16971345	0.0020808632	
S11000.iliopsoas-pelvis_tilt.KP 	0.8442746	0.83311061	0.020581564	
S11000.iliopsoas-pelvis_tilt.KV 	0.23738932	0.2370426	0.0019413625	
S11000.iliopsoas-hamstrings.KL  	-1.0592529	-0.94717279	0.077203463	
S11000.iliopsoas-hamstrings.L0  	0.87034714	0.87059874	0.0019444149	
S11000.hamstrings.KF            	0.5733915	0.57892314	0.0020506647	
S11000.glut_max.KF              	0.48471879	0.48368944	0.002063883	
