pelvis_tilt.offset              	-0.027227714	-0.029046831	0.0016733019	
hip_flexion_r.offset            	-0.023405433	-0.02639541	0.0018238685	
knee_angle_r.offset             	0.01812509	0.016448134	0.0017310407	
ankle_angle_r.offset            	0.004123649	0.004601417	0.0020091693	
hip_flexion_l.offset            	0.049503728	0.051775981	0.001832367	
knee_angle_l.offset             	0.047798667	0.047417034	0.0018191397	
ankle_angle_l.offset            	-0.018305751	-0.017072316	0.0018404137	
stance_load_threshold           	0.0084024996	0.010887959	0.0017617641	
S11111.tib_ant.KL               	1.2823747	1.2748209	0.018632874	
S11111.tib_ant.L0               	0.73947371	0.73924947	0.0017033637	
S11111.tib_ant-soleus.KF        	-0.29640954	-0.29921929	0.0018908102	
S00111.soleus.KF                	0.48527293	0.43659516	0.017499551	
S00111.gastroc.KF               	1.5160006	1.5330007	0.015551952	
S00111.soleus.KV                	0.077728343	0.089163626	0.0092578488	
S00111.gastroc.KV               	0.10506909	0.094527864	0.0092710746	
S11000.soleus.KV                	0.0706915	0.08475576	0.0092644834	
S11000.gastroc.KV               	0.10570257	0.10798628	0.0092528345	
S00011.vasti.KF                 	1.0391042	1.0575981	0.01532166	
S00011.vasti.C0                 	0.070372187	0.07196004	0.0015531988	
S00011.vasti-knee_angle.pos_max 	-0.15516198	-0.15598582	0.0018724394	
S00011.hamstrings-pelvis_tilt.KP	1.616422	1.5984439	0.017931022	
S00011.hamstrings-pelvis_tilt.KV	0.30212777	0.30061469	0.0018179921	
S00011.hamstrings-pelvis_tilt.C0	0.020517807	0.020068995	0.0018796024	
S00011.glut_max-pelvis_tilt.KP  	1.5774562	1.5973367	0.018425353	
S00011.glut_max-pelvis_tilt.KV  	0.20168979	0.20413519	0.0018415922	
S00011.glut_max-pelvis_tilt.C0  	0.04103185	0.039149675	0.0017535994	
S00011.iliopsoas-pelvis_tilt.KP 	-1.2551152	-1.2346594	0.018788783	
S00011.iliopsoas-pelvis_tilt.KV 	-0.29743956	-0.29622546	0.0018839836	
S00011.iliopsoas-pelvis_tilt.C0 	0.20477049	0.20451335	0.0022864785	
S00100.iliopsoas.C0             	0.26301946	0.26071596	0.0018361251	
S00100.glut_max.C0              	-0.17183332	-0.17197525	0.0018928546	
S11000.iliopsoas.KL             	0.44574381	0.44455566	0.001974474	
S11000.iliopsoas.L0             	0.55278019	0.5524929	0.0018209473	
S11000.iliopsoas-pelvis_tilt.P0 	-0.16597864	-0.16646573	0.0019297633	
S11000.iliopsoas-pelvis_tilt.KP 	0.83824022	0.83738116	0.019034881	
S11000.iliopsoas-pelvis_tilt.KV 	0.23605084	0.23690547	0.0017949227	
S11000.iliopsoas-hamstrings.KL  	-1.1577874	-1.1408925	0.071972085	
S11000.iliopsoas-hamstrings.L0  	0.87169782	0.87024814	0.0017956096	
S11000.hamstrings.KF            	0.57739679	0.57702139	0.0019046491	
S11000.glut_max.KF              	0.48413526	0.48451895	0.00190742	
