pelvis_tilt.offset              	-0.029617975	-0.028007652	0.001664194	
hip_flexion_r.offset            	-0.026661988	-0.0249368	0.0018185354	
knee_angle_r.offset             	0.016636869	0.016653552	0.0017221947	
ankle_angle_r.offset            	0.0042279896	0.0049014902	0.0019978102	
hip_flexion_l.offset            	0.049683129	0.051159172	0.0018233156	
knee_angle_l.offset             	0.049558317	0.046781852	0.0018083736	
ankle_angle_l.offset            	-0.016954169	-0.017270257	0.0018315684	
stance_load_threshold           	0.0066352833	0.0097020688	0.0017529178	
S11111.tib_ant.KL               	1.3225443	1.2736715	0.018527738	
S11111.tib_ant.L0               	0.7394791	0.73938708	0.0016938825	
S11111.tib_ant-soleus.KF        	-0.2980448	-0.29892618	0.0018844989	
S00111.soleus.KF                	0.43242572	0.44760724	0.017481724	
S00111.gastroc.KF               	1.5501362	1.5256055	0.015468872	
S00111.soleus.KV                	0.088614663	0.082633576	0.0092174906	
S00111.gastroc.KV               	0.1028035	0.094941606	0.0092254895	
S11000.soleus.KV                	0.065768599	0.079479964	0.0092302545	
S11000.gastroc.KV               	0.12100027	0.10491386	0.0091989178	
S00011.vasti.KF                 	1.0428479	1.0466889	0.015244965	
S00011.vasti.C0                 	0.071434696	0.072010191	0.0015447782	
S00011.vasti-knee_angle.pos_max 	-0.16212494	-0.15743934	0.0018648188	
S00011.hamstrings-pelvis_tilt.KP	1.6066863	1.6090108	0.017836003	
S00011.hamstrings-pelvis_tilt.KV	0.29916372	0.30110463	0.0018072452	
S00011.hamstrings-pelvis_tilt.C0	0.021015056	0.019807839	0.0018691733	
S00011.glut_max-pelvis_tilt.KP  	1.5848323	1.5898901	0.018323878	
S00011.glut_max-pelvis_tilt.KV  	0.20448924	0.20392753	0.0018325071	
S00011.glut_max-pelvis_tilt.C0  	0.041937522	0.039748606	0.0017441237	
S00011.iliopsoas-pelvis_tilt.KP 	-1.2579851	-1.2409179	0.018691907	
S00011.iliopsoas-pelvis_tilt.KV 	-0.29882418	-0.29603425	0.0018732131	
S00011.iliopsoas-pelvis_tilt.C0 	0.20813612	0.20442721	0.0022748294	
S00100.iliopsoas.C0             	0.26185075	0.26059334	0.0018287585	
S00100.glut_max.C0              	-0.17035026	-0.17204264	0.0018857394	
S11000.iliopsoas.KL             	0.44675321	0.44415328	0.0019654423	
S11000.iliopsoas.L0             	0.54985425	0.55229294	0.0018104175	
S11000.iliopsoas-pelvis_tilt.P0 	-0.16424983	-0.16590029	0.0019199862	
S11000.iliopsoas-pelvis_tilt.KP 	0.82645799	0.83487045	0.018921187	
S11000.iliopsoas-pelvis_tilt.KV 	0.23808357	0.23748288	0.001786785	
S11000.iliopsoas-hamstrings.KL  	-1.2241593	-1.2253487	0.072009705	
S11000.iliopsoas-hamstrings.L0  	0.87022312	0.87084011	0.0017857324	
S11000.hamstrings.KF            	0.57619228	0.57641304	0.0018946701	
S11000.glut_max.KF              	0.48419044	0.48402303	0.0018964005	
