pelvis_tilt.offset              	-0.025600996	-0.025251181	0.0012638032	
hip_flexion_r.offset            	-0.018031723	-0.018371728	0.0014450955	
knee_angle_r.offset             	0.006715789	0.0096563927	0.001328992	
ankle_angle_r.offset            	0.0028025482	0.0025004416	0.0015448971	
hip_flexion_l.offset            	0.055431178	0.054469439	0.0014327846	
knee_angle_l.offset             	0.064171878	0.066231827	0.001497469	
ankle_angle_l.offset            	-0.027305201	-0.028252213	0.0014482768	
stance_load_threshold           	0.015331925	0.017406683	0.001389179	
S11111.tib_ant.KL               	1.1113692	1.1172406	0.014784843	
S11111.tib_ant.L0               	0.74440818	0.74605211	0.0013281068	
S11111.tib_ant-soleus.KF        	-0.296746	-0.29637765	0.0014694887	
S00111.soleus.KF                	0.40044239	0.39720762	0.013501276	
S00111.gastroc.KF               	1.4503271	1.4520587	0.011972771	
S00111.soleus.KV                	0.10500757	0.10344189	0.0070370498	
S00111.gastroc.KV               	0.07073836	0.075123796	0.0073009473	
S11000.soleus.KV                	0.14134495	0.14464132	0.0071291293	
S11000.gastroc.KV               	0.0315934	0.023524596	0.007369982	
S00011.vasti.KF                 	0.94552166	0.94289599	0.011681916	
S00011.vasti.C0                 	0.075989892	0.077505991	0.0011598571	
S00011.vasti-knee_angle.pos_max 	-0.1581752	-0.15908155	0.0014560042	
S00011.hamstrings-pelvis_tilt.KP	1.5537675	1.5502421	0.014229944	
S00011.hamstrings-pelvis_tilt.KV	0.30749576	0.31034611	0.001469112	
S00011.hamstrings-pelvis_tilt.C0	0.022681177	0.021170671	0.0014581819	
S00011.glut_max-pelvis_tilt.KP  	1.65829	1.6468994	0.014707313	
S00011.glut_max-pelvis_tilt.KV  	0.20351104	0.20306306	0.0014166441	
S00011.glut_max-pelvis_tilt.C0  	0.046754505	0.045019516	0.0013520531	
S00011.iliopsoas-pelvis_tilt.KP 	-1.2820279	-1.2604948	0.014462597	
S00011.iliopsoas-pelvis_tilt.KV 	-0.28379668	-0.28610367	0.0014705173	
S00011.iliopsoas-pelvis_tilt.C0 	0.1982265	0.19458998	0.0018265489	
S00100.iliopsoas.C0             	0.25383604	0.25477847	0.0014104079	
S00100.glut_max.C0              	-0.16461498	-0.16438043	0.0014403612	
S11000.iliopsoas.KL             	0.45100737	0.44996246	0.0015528051	
S11000.iliopsoas.L0             	0.54215706	0.54317698	0.0014491071	
S11000.iliopsoas-pelvis_tilt.P0 	-0.16044327	-0.15970454	0.0015079069	
S11000.iliopsoas-pelvis_tilt.KP 	0.83142504	0.82089727	0.014749403	
S11000.iliopsoas-pelvis_tilt.KV 	0.23214405	0.23207657	0.0013711349	
S11000.iliopsoas-hamstrings.KL  	-1.0585892	-1.047714	0.053631393	
S11000.iliopsoas-hamstrings.L0  	0.87030001	0.86977516	0.0013817854	
S11000.hamstrings.KF            	0.57322747	0.57475864	0.0014811198	
S11000.glut_max.KF              	0.48493986	0.48491153	0.0014709146	
