pelvis_tilt.offset              	-0.01894728	-0.019623498	0.0010587383	
hip_flexion_r.offset            	-0.022960632	-0.024530999	0.0012291129	
knee_angle_r.offset             	0.0003398783	0.0012445171	0.0011588037	
ankle_angle_r.offset            	-0.004893121	-0.0047008056	0.0013249286	
hip_flexion_l.offset            	0.045088638	0.045768927	0.0012027091	
knee_angle_l.offset             	0.064536962	0.062974608	0.0013272397	
ankle_angle_l.offset            	-0.025458121	-0.026025412	0.0012668409	
stance_load_threshold           	0.016956755	0.018613168	0.001182109	
S11111.tib_ant.KL               	1.2841039	1.2751526	0.012921117	
S11111.tib_ant.L0               	0.74213148	0.74380285	0.0011219974	
S11111.tib_ant-soleus.KF        	-0.29146623	-0.29321093	0.0012787854	
S00111.soleus.KF                	0.22007091	0.22966087	0.011880202	
S00111.gastroc.KF               	1.3069398	1.299702	0.010424782	
S00111.soleus.KV                	0.099166386	0.10550619	0.0061193728	
S00111.gastroc.KV               	0.13830766	0.13536853	0.0063276098	
S11000.soleus.KV                	0.12924871	0.12717331	0.0060413152	
S11000.gastroc.KV               	0.0015349498	0.0073442165	0.0059266604	
S00011.vasti.KF                 	0.96839681	0.97060376	0.0089648613	
S00011.vasti.C0                 	0.086738916	0.085327297	0.00098249776	
S00011.vasti-knee_angle.pos_max 	-0.16096981	-0.16255071	0.0012550942	
S00011.hamstrings-pelvis_tilt.KP	1.6374875	1.6495799	0.012500803	
S00011.hamstrings-pelvis_tilt.KV	0.30819492	0.30614537	0.00128553	
S00011.hamstrings-pelvis_tilt.C0	0.0047679821	0.0057105643	0.0012660369	
S00011.glut_max-pelvis_tilt.KP  	1.6855882	1.6879834	0.01273181	
S00011.glut_max-pelvis_tilt.KV  	0.19898881	0.19856755	0.0012189347	
S00011.glut_max-pelvis_tilt.C0  	0.041302358	0.042130154	0.0011839768	
S00011.iliopsoas-pelvis_tilt.KP 	-1.2328488	-1.2488895	0.012239994	
S00011.iliopsoas-pelvis_tilt.KV 	-0.29575644	-0.29404347	0.0012962439	
S00011.iliopsoas-pelvis_tilt.C0 	0.19932249	0.20055592	0.0016442608	
S00100.iliopsoas.C0             	0.25947773	0.25787125	0.0012460992	
S00100.glut_max.C0              	-0.15976813	-0.16018399	0.0012472343	
S11000.iliopsoas.KL             	0.47537551	0.47431341	0.0014299096	
S11000.iliopsoas.L0             	0.5610664	0.55948783	0.0013278393	
S11000.iliopsoas-pelvis_tilt.P0 	-0.14958074	-0.15152455	0.0012583497	
S11000.iliopsoas-pelvis_tilt.KP 	0.73103589	0.72013412	0.01347841	
S11000.iliopsoas-pelvis_tilt.KV 	0.22928827	0.23001231	0.0011842539	
S11000.iliopsoas-hamstrings.KL  	-1.4708159	-1.4593773	0.047025424	
S11000.iliopsoas-hamstrings.L0  	0.86465143	0.86555276	0.0012091175	
S11000.hamstrings.KF            	0.5878454	0.58858712	0.0013020062	
S11000.glut_max.KF              	0.4603584	0.46123698	0.0013574358	
