pelvis_tilt.offset              	-0.026470196	-0.024743778	0.0016197279	
hip_flexion_r.offset            	-0.030282561	-0.027749665	0.0017623575	
knee_angle_r.offset             	0.013350992	0.015741949	0.0016716067	
ankle_angle_r.offset            	0.0030710149	0.0040268593	0.0019415975	
hip_flexion_l.offset            	0.050575312	0.050563439	0.0017724864	
knee_angle_l.offset             	0.051264165	0.049279348	0.0017692195	
ankle_angle_l.offset            	-0.019477805	-0.019030482	0.001782393	
stance_load_threshold           	0.0096072178	0.011103524	0.0017070461	
S11111.tib_ant.KL               	1.2750499	1.2824356	0.018024736	
S11111.tib_ant.L0               	0.7392866	0.739727	0.001651141	
S11111.tib_ant-soleus.KF        	-0.29911615	-0.3016604	0.0018340775	
S00111.soleus.KF                	0.39454396	0.4227307	0.016957047	
S00111.gastroc.KF               	1.5182982	1.5412817	0.015046335	
S00111.soleus.KV                	0.11040861	0.11142797	0.0089512228	
S00111.gastroc.KV               	0.102052	0.1053641	0.0089538422	
S11000.soleus.KV                	0.066843355	0.080372909	0.0089743024	
S11000.gastroc.KV               	0.11164732	0.10834204	0.0089563489	
S00011.vasti.KF                 	1.0807801	1.081229	0.014854555	
S00011.vasti.C0                 	0.06986945	0.070337773	0.001500406	
S00011.vasti-knee_angle.pos_max 	-0.15474934	-0.15624981	0.0018122629	
S00011.hamstrings-pelvis_tilt.KP	1.5700561	1.5810587	0.01735008	
S00011.hamstrings-pelvis_tilt.KV	0.30102601	0.301989	0.00175683	
S00011.hamstrings-pelvis_tilt.C0	0.019870123	0.018934114	0.0018167641	
S00011.glut_max-pelvis_tilt.KP  	1.5976545	1.6125791	0.017843326	
S00011.glut_max-pelvis_tilt.KV  	0.20079342	0.20382496	0.001779619	
S00011.glut_max-pelvis_tilt.C0  	0.037863408	0.038059494	0.0017007023	
S00011.iliopsoas-pelvis_tilt.KP 	-1.2403122	-1.2340153	0.018157568	
S00011.iliopsoas-pelvis_tilt.KV 	-0.2982702	-0.29701467	0.0018232175	
S00011.iliopsoas-pelvis_tilt.C0 	0.20878372	0.20569856	0.0022155684	
S00100.iliopsoas.C0             	0.25650624	0.26112957	0.0017781183	
S00100.glut_max.C0              	-0.17352989	-0.17580513	0.0018297683	
S11000.iliopsoas.KL             	0.44305851	0.44399283	0.0019068771	
S11000.iliopsoas.L0             	0.55332122	0.55070274	0.0017568559	
S11000.iliopsoas-pelvis_tilt.P0 	-0.16895494	-0.16846706	0.0018620759	
S11000.iliopsoas-pelvis_tilt.KP 	0.85195651	0.82935777	0.01840414	
S11000.iliopsoas-pelvis_tilt.KV 	0.23575607	0.23707063	0.0017365918	
S11000.iliopsoas-hamstrings.KL  	-1.1407055	-1.070466	0.069447925	
S11000.iliopsoas-hamstrings.L0  	0.87041131	0.86926636	0.0017394208	
S11000.hamstrings.KF            	0.57555941	0.57699674	0.0018414527	
S11000.glut_max.KF              	0.4881798	0.48552238	0.0018457422	
