pelvis_tilt.offset              	-0.027615498	-0.026773927	0.0015829774	
hip_flexion_r.offset            	-0.028078343	-0.0288885	0.0017227173	
knee_angle_r.offset             	0.013414079	0.015752757	0.001633098	
ankle_angle_r.offset            	0.0051095754	0.0042787007	0.0018961671	
hip_flexion_l.offset            	0.050952059	0.049342798	0.0017318711	
knee_angle_l.offset             	0.049905508	0.050919793	0.0017303753	
ankle_angle_l.offset            	-0.017007161	-0.01949488	0.0017400656	
stance_load_threshold           	0.0074946769	0.0088133096	0.001665045	
S11111.tib_ant.KL               	1.2724699	1.2769118	0.017591001	
S11111.tib_ant.L0               	0.73510052	0.73617045	0.001614811	
S11111.tib_ant-soleus.KF        	-0.30255483	-0.30196562	0.001801678	
S00111.soleus.KF                	0.42832937	0.4245334	0.016607642	
S00111.gastroc.KF               	1.5543353	1.5554107	0.014743671	
S00111.soleus.KV                	0.10883417	0.10392074	0.0087397909	
S00111.gastroc.KV               	0.10664693	0.11222233	0.0087764757	
S11000.soleus.KV                	0.068371398	0.072111955	0.0088555304	
S11000.gastroc.KV               	0.11037203	0.10486899	0.0087473459	
S00011.vasti.KF                 	1.0939565	1.1008776	0.014635332	
S00011.vasti.C0                 	0.068319341	0.069773552	0.0014640355	
S00011.vasti-knee_angle.pos_max 	-0.15293245	-0.15458961	0.0017885999	
S00011.hamstrings-pelvis_tilt.KP	1.5596064	1.5928805	0.016887177	
S00011.hamstrings-pelvis_tilt.KV	0.30022551	0.30169576	0.001718528	
S00011.hamstrings-pelvis_tilt.C0	0.014309937	0.015739486	0.0017851991	
S00011.glut_max-pelvis_tilt.KP  	1.6296628	1.6185199	0.017449496	
S00011.glut_max-pelvis_tilt.KV  	0.20250377	0.20383999	0.0017405892	
S00011.glut_max-pelvis_tilt.C0  	0.040746903	0.039222267	0.0016576643	
S00011.iliopsoas-pelvis_tilt.KP 	-1.2119838	-1.2721119	0.017795743	
S00011.iliopsoas-pelvis_tilt.KV 	-0.2930524	-0.29486865	0.0017835212	
S00011.iliopsoas-pelvis_tilt.C0 	0.19920427	0.20460792	0.002169957	
S00100.iliopsoas.C0             	0.25853187	0.25914475	0.0017459101	
S00100.glut_max.C0              	-0.17923297	-0.17943541	0.0018047952	
S11000.iliopsoas.KL             	0.4422212	0.44365125	0.0018646176	
S11000.iliopsoas.L0             	0.54907111	0.55152123	0.0017197722	
S11000.iliopsoas-pelvis_tilt.P0 	-0.16933645	-0.16775286	0.0018176121	
S11000.iliopsoas-pelvis_tilt.KP 	0.84813547	0.84974035	0.018019664	
S11000.iliopsoas-pelvis_tilt.KV 	0.2372923	0.23723494	0.0016936336	
S11000.iliopsoas-hamstrings.KL  	-1.1822957	-1.155895	0.067951077	
S11000.iliopsoas-hamstrings.L0  	0.86524851	0.86668697	0.0017054473	
S11000.hamstrings.KF            	0.57672066	0.5761237	0.0018069447	
S11000.glut_max.KF              	0.48480357	0.48571876	0.0018027062	
