pelvis_tilt.offset              	-0.031260966	-0.030946736	0.0017646315	
hip_flexion_r.offset            	-0.0313525	-0.027508749	0.0018875472	
knee_angle_r.offset             	0.008916964	0.014845732	0.0018097209	
ankle_angle_r.offset            	0.0022569779	0.0046496599	0.0020886856	
hip_flexion_l.offset            	0.050459106	0.050158715	0.0019023168	
knee_angle_l.offset             	0.049180046	0.050491909	0.0019061347	
ankle_angle_l.offset            	-0.018333116	-0.018860647	0.0019239488	
stance_load_threshold           	0.0068533387	0.0062526549	0.0018486744	
S11111.tib_ant.KL               	1.2400423	1.2336668	0.019365892	
S11111.tib_ant.L0               	0.73244035	0.73381764	0.0017908624	
S11111.tib_ant-soleus.KF        	-0.31110848	-0.30790251	0.0020179527	
S00111.soleus.KF                	0.43247729	0.45334685	0.018460938	
S00111.gastroc.KF               	1.5389903	1.5556231	0.016228011	
S00111.soleus.KV                	0.15581112	0.1453123	0.009704099	
S00111.gastroc.KV               	0.14004548	0.13678569	0.0097505873	
S11000.soleus.KV                	0.019812877	0.026731367	0.01025006	
S11000.gastroc.KV               	0.11622511	0.12793093	0.009670081	
S00011.vasti.KF                 	1.0700778	1.0770645	0.016110683	
S00011.vasti.C0                 	0.068807557	0.068113652	0.0016102133	
S00011.vasti-knee_angle.pos_max 	-0.15543157	-0.15682483	0.0019659675	
S00011.hamstrings-pelvis_tilt.KP	1.5647117	1.5394485	0.018791069	
S00011.hamstrings-pelvis_tilt.KV	0.29995339	0.30253738	0.001884985	
S00011.hamstrings-pelvis_tilt.C0	0.013553501	0.016154089	0.0019666805	
S00011.glut_max-pelvis_tilt.KP  	1.6234563	1.6194235	0.019161333	
S00011.glut_max-pelvis_tilt.KV  	0.19942299	0.19919852	0.0019293241	
S00011.glut_max-pelvis_tilt.C0  	0.040416464	0.04119499	0.0018135125	
S00011.iliopsoas-pelvis_tilt.KP 	-1.2672075	-1.253492	0.019630395	
S00011.iliopsoas-pelvis_tilt.KV 	-0.29596414	-0.2989657	0.0019798276	
S00011.iliopsoas-pelvis_tilt.C0 	0.20148098	0.19980599	0.0024216749	
S00100.iliopsoas.C0             	0.25465744	0.25493929	0.0019310445	
S00100.glut_max.C0              	-0.18272543	-0.1800165	0.0020045933	
S11000.iliopsoas.KL             	0.44580538	0.445689	0.0020518044	
S11000.iliopsoas.L0             	0.54884944	0.55005559	0.0018974143	
S11000.iliopsoas-pelvis_tilt.P0 	-0.17623029	-0.17193379	0.0019977042	
S11000.iliopsoas-pelvis_tilt.KP 	0.87392286	0.85170131	0.019773234	
S11000.iliopsoas-pelvis_tilt.KV 	0.23554814	0.23385932	0.0018766846	
S11000.iliopsoas-hamstrings.KL  	-1.4698181	-1.3608147	0.075717249	
S11000.iliopsoas-hamstrings.L0  	0.8676411	0.86679642	0.0018726655	
S11000.hamstrings.KF            	0.57989099	0.58020629	0.0019897912	
S11000.glut_max.KF              	0.49260195	0.48980136	0.0019850677	
