pelvis_tilt.offset              	-0.030978844	-0.029990318	0.0023981414	
hip_flexion_r.offset            	-0.035376919	-0.03472379	0.0025994485	
knee_angle_r.offset             	0.013592224	0.013336675	0.0024894779	
ankle_angle_r.offset            	-0.010712667	-0.0072313569	0.0028775488	
hip_flexion_l.offset            	0.0452128	0.046665355	0.0026311243	
knee_angle_l.offset             	0.051499229	0.052182074	0.0026025319	
ankle_angle_l.offset            	-0.017840959	-0.021749054	0.0026134689	
stance_load_threshold           	0.014774517	0.014384335	0.0025285971	
S11111.tib_ant.KL               	1.290895	1.2724683	0.026479159	
S11111.tib_ant.L0               	0.72477124	0.7286748	0.0024469666	
S11111.tib_ant-soleus.KF        	-0.31234501	-0.30661401	0.0027633708	
S00111.soleus.KF                	0.46417506	0.47915487	0.025219983	
S00111.gastroc.KF               	1.5043789	1.5127178	0.022054668	
S00111.soleus.KV                	0.1612196	0.16607028	0.013534756	
S00111.gastroc.KV               	0.16567457	0.15470352	0.013265056	
S11000.soleus.KV                	0.027967276	0.024980923	0.014174222	
S11000.gastroc.KV               	0.094363772	0.090064718	0.01326583	
S00011.vasti.KF                 	1.1197171	1.0873435	0.021862375	
S00011.vasti.C0                 	0.063889355	0.06557242	0.002199632	
S00011.vasti-knee_angle.pos_max 	-0.16043598	-0.16002977	0.0026733244	
S00011.hamstrings-pelvis_tilt.KP	1.5115909	1.5398834	0.025683606	
S00011.hamstrings-pelvis_tilt.KV	0.30143268	0.30251716	0.0025665961	
S00011.hamstrings-pelvis_tilt.C0	0.022905933	0.02115591	0.0026904633	
S00011.glut_max-pelvis_tilt.KP  	1.667147	1.7160165	0.026798178	
S00011.glut_max-pelvis_tilt.KV  	0.18980705	0.193017	0.0026930058	
S00011.glut_max-pelvis_tilt.C0  	0.042918073	0.046541284	0.0024953337	
S00011.iliopsoas-pelvis_tilt.KP 	-1.2713416	-1.2858227	0.026797494	
S00011.iliopsoas-pelvis_tilt.KV 	-0.30238922	-0.30221996	0.0027379165	
S00011.iliopsoas-pelvis_tilt.C0 	0.1913844	0.1900065	0.0033850853	
S00100.iliopsoas.C0             	0.25081104	0.25199312	0.0026617945	
S00100.glut_max.C0              	-0.1853477	-0.18372961	0.0027606747	
S11000.iliopsoas.KL             	0.44138128	0.44286967	0.0028077344	
S11000.iliopsoas.L0             	0.54549131	0.54520445	0.0026021444	
S11000.iliopsoas-pelvis_tilt.P0 	-0.18362877	-0.18337862	0.002785274	
S11000.iliopsoas-pelvis_tilt.KP 	0.88491041	0.88533997	0.027194174	
S11000.iliopsoas-pelvis_tilt.KV 	0.24102807	0.23839936	0.0025681222	
S11000.iliopsoas-hamstrings.KL  	-1.5750484	-1.5634349	0.103079	
S11000.iliopsoas-hamstrings.L0  	0.87036631	0.86970106	0.0025491612	
S11000.hamstrings.KF            	0.58256966	0.58782274	0.0027305068	
S11000.glut_max.KF              	0.49930492	0.5003852	0.0028063097	
