pelvis_tilt.offset              	-0.030720718	-0.030676422	0.0023479212	
hip_flexion_r.offset            	-0.037517566	-0.03691572	0.0025474813	
knee_angle_r.offset             	0.01188699	0.011319642	0.00243228	
ankle_angle_r.offset            	-0.0095426371	-0.0070756614	0.0028221662	
hip_flexion_l.offset            	0.046047856	0.044580479	0.0025756482	
knee_angle_l.offset             	0.059292549	0.056012988	0.0025570921	
ankle_angle_l.offset            	-0.016633194	-0.018470598	0.0025587672	
stance_load_threshold           	0.014202659	0.013865282	0.0024787458	
S11111.tib_ant.KL               	1.2840422	1.275532	0.025875362	
S11111.tib_ant.L0               	0.72146988	0.72523821	0.0024019422	
S11111.tib_ant-soleus.KF        	-0.31139103	-0.30926457	0.0027079792	
S00111.soleus.KF                	0.51094159	0.479144	0.024660975	
S00111.gastroc.KF               	1.5482994	1.5168283	0.021586069	
S00111.soleus.KV                	0.18365664	0.1716282	0.013236241	
S00111.gastroc.KV               	0.15788384	0.15970056	0.012980572	
S11000.soleus.KV                	0.013500992	0.022967951	0.013876924	
S11000.gastroc.KV               	0.09827215	0.097690206	0.012980677	
S00011.vasti.KF                 	1.0881484	1.0825024	0.021414943	
S00011.vasti.C0                 	0.063667949	0.064247533	0.0021511616	
S00011.vasti-knee_angle.pos_max 	-0.15780663	-0.1595895	0.0026142236	
S00011.hamstrings-pelvis_tilt.KP	1.5373641	1.5301229	0.025137066	
S00011.hamstrings-pelvis_tilt.KV	0.30240128	0.30169883	0.0025068206	
S00011.hamstrings-pelvis_tilt.C0	0.017350285	0.019800467	0.0026314528	
S00011.glut_max-pelvis_tilt.KP  	1.7159383	1.6961191	0.02624061	
S00011.glut_max-pelvis_tilt.KV  	0.18969417	0.19114988	0.0026333577	
S00011.glut_max-pelvis_tilt.C0  	0.047042178	0.046228542	0.0024398822	
S00011.iliopsoas-pelvis_tilt.KP 	-1.2542108	-1.2634685	0.02623538	
S00011.iliopsoas-pelvis_tilt.KV 	-0.30090914	-0.30168174	0.0026827947	
S00011.iliopsoas-pelvis_tilt.C0 	0.1826508	0.188983	0.0033120735	
S00100.iliopsoas.C0             	0.24987519	0.25214419	0.0026017773	
S00100.glut_max.C0              	-0.18740337	-0.18509287	0.002701962	
S11000.iliopsoas.KL             	0.44331545	0.44076509	0.0027455957	
S11000.iliopsoas.L0             	0.5448389	0.54456139	0.0025461765	
S11000.iliopsoas-pelvis_tilt.P0 	-0.18297373	-0.18386596	0.0027319836	
S11000.iliopsoas-pelvis_tilt.KP 	0.94099184	0.90360746	0.026626476	
S11000.iliopsoas-pelvis_tilt.KV 	0.23610854	0.24123293	0.0025152948	
S11000.iliopsoas-hamstrings.KL  	-1.645583	-1.6058172	0.10078597	
S11000.iliopsoas-hamstrings.L0  	0.87210119	0.87031835	0.0024897739	
S11000.hamstrings.KF            	0.58875466	0.58501344	0.0026737829	
S11000.glut_max.KF              	0.49940295	0.49818098	0.0027433356	
