pelvis_tilt.offset              	-0.016600523	-0.017264638	0.004561639	
hip_flexion_r.offset            	-0.038528061	-0.036554522	0.0048777499	
knee_angle_r.offset             	0.030526416	0.030436274	0.0047096861	
ankle_angle_r.offset            	-0.040527411	-0.041298527	0.0058410219	
hip_flexion_l.offset            	0.053184592	0.053149164	0.005073227	
knee_angle_l.offset             	0.074270205	0.068596146	0.0051122849	
ankle_angle_l.offset            	-0.026460847	-0.020907512	0.0049177143	
stance_load_threshold           	0.017069428	0.009478409	0.0047715641	
S11111.tib_ant.KL               	1.4390224	1.4008914	0.050061362	
S11111.tib_ant.L0               	0.71190899	0.71198417	0.0050265046	
S11111.tib_ant-soleus.KF        	-0.27463072	-0.28018331	0.0054618853	
S00111.soleus.KF                	0.55189082	0.56806151	0.048454823	
S00111.gastroc.KF               	1.6008998	1.5999479	0.042291116	
S00111.soleus.KV                	0.28697837	0.25440929	0.02562226	
S00111.gastroc.KV               	0.16135846	0.15557201	0.02464403	
S11000.soleus.KV                	0.070755215	0.068523275	0.026252435	
S11000.gastroc.KV               	0.031386315	0.045685434	0.025094909	
S00011.vasti.KF                 	1.1816007	1.1425784	0.041309511	
S00011.vasti.C0                 	0.089381733	0.088354032	0.0044872206	
S00011.vasti-knee_angle.pos_max 	-0.14192611	-0.14263441	0.0052125014	
S00011.hamstrings-pelvis_tilt.KP	1.6196153	1.5548158	0.049075356	
S00011.hamstrings-pelvis_tilt.KV	0.28950118	0.29708326	0.0048403576	
S00011.hamstrings-pelvis_tilt.C0	-0.0043993895	-0.0024391246	0.0051158842	
S00011.glut_max-pelvis_tilt.KP  	1.5185311	1.5372951	0.052144719	
S00011.glut_max-pelvis_tilt.KV  	0.19600182	0.19767309	0.0050742408	
S00011.glut_max-pelvis_tilt.C0  	0.03963746	0.036163673	0.0047192735	
S00011.iliopsoas-pelvis_tilt.KP 	-1.2087086	-1.1902046	0.050512692	
S00011.iliopsoas-pelvis_tilt.KV 	-0.28561066	-0.29361182	0.0051675852	
S00011.iliopsoas-pelvis_tilt.C0 	0.20654066	0.20558855	0.0064848247	
S00100.iliopsoas.C0             	0.2547118	0.25307213	0.0050677224	
S00100.glut_max.C0              	-0.18388274	-0.17744188	0.0051629796	
S11000.iliopsoas.KL             	0.44231435	0.43154801	0.005455894	
S11000.iliopsoas.L0             	0.52849596	0.53054982	0.0050120601	
S11000.iliopsoas-pelvis_tilt.P0 	-0.17005554	-0.17497117	0.0052054725	
S11000.iliopsoas-pelvis_tilt.KP 	0.94002484	0.94135664	0.051036386	
S11000.iliopsoas-pelvis_tilt.KV 	0.24648775	0.24402454	0.0048376598	
S11000.iliopsoas-hamstrings.KL  	-2.0324826	-1.8004406	0.1881735	
S11000.iliopsoas-hamstrings.L0  	0.85984933	0.86390902	0.0048178031	
S11000.hamstrings.KF            	0.58937258	0.58689814	0.0051366613	
S11000.glut_max.KF              	0.49241853	0.49386359	0.0052104848	
