pelvis_tilt.offset              	-0.0089430856	-0.016317901	0.0046178557	
hip_flexion_r.offset            	-0.042787908	-0.036828904	0.0049355425	
knee_angle_r.offset             	0.023446324	0.028717097	0.0047694129	
ankle_angle_r.offset            	-0.03761578	-0.040808905	0.0059233621	
hip_flexion_l.offset            	0.056909788	0.054595024	0.0051350066	
knee_angle_l.offset             	0.069549202	0.069946477	0.0051774794	
ankle_angle_l.offset            	-0.022594532	-0.021721589	0.0049801088	
stance_load_threshold           	0.0084885063	0.010175989	0.0048385425	
S11111.tib_ant.KL               	1.4759642	1.4373989	0.050793648	
S11111.tib_ant.L0               	0.70628784	0.71367407	0.0050903319	
S11111.tib_ant-soleus.KF        	-0.27659404	-0.27743449	0.005537838	
S00111.soleus.KF                	0.59043815	0.56540256	0.049137852	
S00111.gastroc.KF               	1.6397772	1.5835871	0.04282855	
S00111.soleus.KV                	0.26456409	0.26764185	0.026019443	
S00111.gastroc.KV               	0.16746901	0.16446906	0.024942524	
S11000.soleus.KV                	0.054213932	0.076747508	0.026607353	
S11000.gastroc.KV               	0.016620741	0.046389383	0.025430134	
S00011.vasti.KF                 	1.1124069	1.1544961	0.041890587	
S00011.vasti.C0                 	0.088840916	0.087923233	0.0045455146	
S00011.vasti-knee_angle.pos_max 	-0.13782466	-0.14074043	0.0052772886	
S00011.hamstrings-pelvis_tilt.KP	1.5313968	1.5792025	0.049689592	
S00011.hamstrings-pelvis_tilt.KV	0.29852435	0.29598471	0.0049089518	
S00011.hamstrings-pelvis_tilt.C0	-0.0096549901	-0.0045311865	0.0051894033	
S00011.glut_max-pelvis_tilt.KP  	1.5520379	1.5491319	0.052792233	
S00011.glut_max-pelvis_tilt.KV  	0.19971213	0.19472748	0.0051408212	
S00011.glut_max-pelvis_tilt.C0  	0.0378616	0.037425477	0.0047782886	
S00011.iliopsoas-pelvis_tilt.KP 	-1.2036804	-1.1807781	0.051146681	
S00011.iliopsoas-pelvis_tilt.KV 	-0.29337953	-0.28969445	0.0052386521	
S00011.iliopsoas-pelvis_tilt.C0 	0.21168856	0.20660462	0.0065636701	
S00100.iliopsoas.C0             	0.24578428	0.25464823	0.0051344673	
S00100.glut_max.C0              	-0.17722168	-0.17664358	0.0052450176	
S11000.iliopsoas.KL             	0.43654002	0.43463964	0.005537545	
S11000.iliopsoas.L0             	0.52484667	0.52861224	0.0050756356	
S11000.iliopsoas-pelvis_tilt.P0 	-0.17501802	-0.17417044	0.005271268	
S11000.iliopsoas-pelvis_tilt.KP 	0.89638586	0.95930446	0.051679352	
S11000.iliopsoas-pelvis_tilt.KV 	0.24455914	0.24333232	0.0048982524	
S11000.iliopsoas-hamstrings.KL  	-2.3643258	-1.9508285	0.19083815	
S11000.iliopsoas-hamstrings.L0  	0.86169925	0.86135856	0.0048782896	
S11000.hamstrings.KF            	0.59439952	0.58545372	0.0052029855	
S11000.glut_max.KF              	0.49609009	0.4923754	0.0052763726	
