pelvis_tilt.offset              	-0.01116937	-0.016202782	0.0046903275	
hip_flexion_r.offset            	-0.033661282	-0.036673562	0.0050071507	
knee_angle_r.offset             	0.018337896	0.025726115	0.0048427158	
ankle_angle_r.offset            	-0.033869493	-0.036572246	0.0060125077	
hip_flexion_l.offset            	0.053421631	0.05449883	0.0052085952	
knee_angle_l.offset             	0.064041035	0.06859748	0.0052502319	
ankle_angle_l.offset            	-0.014048785	-0.021304618	0.0050490934	
stance_load_threshold           	0.007278136	0.010311648	0.0049063315	
S11111.tib_ant.KL               	1.4237281	1.4561795	0.051582576	
S11111.tib_ant.L0               	0.71570273	0.70906858	0.0051733469	
S11111.tib_ant-soleus.KF        	-0.27791183	-0.27489552	0.0056237098	
S00111.soleus.KF                	0.57387727	0.568124	0.049887498	
S00111.gastroc.KF               	1.5559039	1.6145056	0.043448654	
S00111.soleus.KV                	0.30986601	0.27711545	0.026480866	
S00111.gastroc.KV               	0.13092704	0.15449083	0.025298123	
S11000.soleus.KV                	0.065553652	0.059210621	0.026995183	
S11000.gastroc.KV               	0.037118221	0.026322586	0.025869463	
S00011.vasti.KF                 	1.1111067	1.1226264	0.042501426	
S00011.vasti.C0                 	0.091155045	0.089430443	0.0046119436	
S00011.vasti-knee_angle.pos_max 	-0.14183968	-0.1399069	0.0053519029	
S00011.hamstrings-pelvis_tilt.KP	1.5212291	1.5602963	0.050386247	
S00011.hamstrings-pelvis_tilt.KV	0.2980548	0.29823058	0.0049760058	
S00011.hamstrings-pelvis_tilt.C0	-0.0017561009	-0.0041633514	0.0052742978	
S00011.glut_max-pelvis_tilt.KP  	1.433318	1.5117524	0.053620151	
S00011.glut_max-pelvis_tilt.KV  	0.20686833	0.19658758	0.0052140753	
S00011.glut_max-pelvis_tilt.C0  	0.034823147	0.038073167	0.0048448629	
S00011.iliopsoas-pelvis_tilt.KP 	-1.2524443	-1.178101	0.051868624	
S00011.iliopsoas-pelvis_tilt.KV 	-0.29085003	-0.29172512	0.005313129	
S00011.iliopsoas-pelvis_tilt.C0 	0.21001669	0.20874632	0.0066564897	
S00100.iliopsoas.C0             	0.25520443	0.25057091	0.0052159065	
S00100.glut_max.C0              	-0.18058489	-0.17902717	0.0053185332	
S11000.iliopsoas.KL             	0.43319652	0.4355948	0.0056158683	
S11000.iliopsoas.L0             	0.52623159	0.52492323	0.0051575077	
S11000.iliopsoas-pelvis_tilt.P0 	-0.17936535	-0.17384506	0.0053446855	
S11000.iliopsoas-pelvis_tilt.KP 	0.93358122	0.92950223	0.052432383	
S11000.iliopsoas-pelvis_tilt.KV 	0.24733529	0.24573584	0.004971552	
S11000.iliopsoas-hamstrings.KL  	-2.3327451	-2.1752479	0.19455456	
S11000.iliopsoas-hamstrings.L0  	0.86518365	0.86016467	0.0049491192	
S11000.hamstrings.KF            	0.58909192	0.59104017	0.0052965584	
S11000.glut_max.KF              	0.49307987	0.49556377	0.0053503876	
