pelvis_tilt.offset              	-0.023609856	-0.016263979	0.0047847351	
hip_flexion_r.offset            	-0.037730954	-0.034082099	0.0051039126	
knee_angle_r.offset             	0.015373559	0.0233349	0.004946692	
ankle_angle_r.offset            	-0.031114886	-0.035005482	0.0061336662	
hip_flexion_l.offset            	0.0598148	0.057173613	0.0053109516	
knee_angle_l.offset             	0.075016754	0.068594294	0.0053541211	
ankle_angle_l.offset            	-0.020954549	-0.020347167	0.0051538246	
stance_load_threshold           	0.0070679619	0.011622248	0.0050045735	
S11111.tib_ant.KL               	1.5059784	1.4526101	0.052630296	
S11111.tib_ant.L0               	0.71654081	0.7133679	0.0052762203	
S11111.tib_ant-soleus.KF        	-0.28581438	-0.27336274	0.0057454403	
S00111.soleus.KF                	0.64396773	0.5877012	0.050927865	
S00111.gastroc.KF               	1.5270314	1.5781488	0.044326727	
S00111.soleus.KV                	0.31778495	0.29030003	0.027078241	
S00111.gastroc.KV               	0.13996032	0.12733983	0.025849093	
S11000.soleus.KV                	0.050004085	0.06668923	0.027511663	
S11000.gastroc.KV               	0.030472225	0.025216076	0.026408079	
S00011.vasti.KF                 	1.1102333	1.0971037	0.043324605	
S00011.vasti.C0                 	0.086960486	0.089443044	0.0047029895	
S00011.vasti-knee_angle.pos_max 	-0.13404251	-0.13985389	0.005454272	
S00011.hamstrings-pelvis_tilt.KP	1.5246138	1.5257718	0.051363973	
S00011.hamstrings-pelvis_tilt.KV	0.29804495	0.29802048	0.00506756	
S00011.hamstrings-pelvis_tilt.C0	-0.0006134957	-0.0022917757	0.0053817162	
S00011.glut_max-pelvis_tilt.KP  	1.5155623	1.4925793	0.054755677	
S00011.glut_max-pelvis_tilt.KV  	0.20089892	0.19929137	0.0053285194	
S00011.glut_max-pelvis_tilt.C0  	0.034119155	0.036041514	0.0049574187	
S00011.iliopsoas-pelvis_tilt.KP 	-1.2531954	-1.1790256	0.052948249	
S00011.iliopsoas-pelvis_tilt.KV 	-0.28117424	-0.29452098	0.0054220188	
S00011.iliopsoas-pelvis_tilt.C0 	0.2142482	0.20714438	0.0067835055	
S00100.iliopsoas.C0             	0.24317572	0.25415558	0.0053189123	
S00100.glut_max.C0              	-0.18520853	-0.18044604	0.0054190774	
S11000.iliopsoas.KL             	0.4390836	0.43584279	0.0057231868	
S11000.iliopsoas.L0             	0.52362245	0.52534408	0.0052654463	
S11000.iliopsoas-pelvis_tilt.P0 	-0.16244715	-0.1749585	0.0054478511	
S11000.iliopsoas-pelvis_tilt.KP 	0.89939431	0.93974051	0.053417684	
S11000.iliopsoas-pelvis_tilt.KV 	0.2508989	0.24848034	0.0050698293	
S11000.iliopsoas-hamstrings.KL  	-2.6941097	-2.3194336	0.19914141	
S11000.iliopsoas-hamstrings.L0  	0.87234877	0.86101724	0.0050449089	
S11000.hamstrings.KF            	0.57921176	0.58927137	0.0053993525	
S11000.glut_max.KF              	0.49376234	0.49392757	0.0054545756	
