pelvis_tilt.offset              	-0.020617049	-0.016436012	0.0048946506	
hip_flexion_r.offset            	-0.038747295	-0.034452815	0.0052148273	
knee_angle_r.offset             	0.018612471	0.020197873	0.0050577745	
ankle_angle_r.offset            	-0.030317413	-0.034727916	0.0062667656	
hip_flexion_l.offset            	0.056853505	0.058393021	0.0054245203	
knee_angle_l.offset             	0.065971739	0.074989146	0.0054832704	
ankle_angle_l.offset            	-0.022299779	-0.020852009	0.0052602371	
stance_load_threshold           	0.0101839	0.012251081	0.0051153473	
S11111.tib_ant.KL               	1.5325114	1.4764304	0.053853954	
S11111.tib_ant.L0               	0.7213734	0.71321003	0.0053874027	
S11111.tib_ant-soleus.KF        	-0.27395456	-0.27728296	0.0058816562	
S00111.soleus.KF                	0.64249455	0.59663361	0.052107116	
S00111.gastroc.KF               	1.4689397	1.568768	0.045294386	
S00111.soleus.KV                	0.30023468	0.30813876	0.027798	
S00111.gastroc.KV               	0.16923878	0.13795839	0.026388722	
S11000.soleus.KV                	0.047202645	0.049608115	0.028096741	
S11000.gastroc.KV               	0.030439686	0.02963908	0.026988723	
S00011.vasti.KF                 	1.0981764	1.1125116	0.044247855	
S00011.vasti.C0                 	0.076867642	0.087327399	0.0048040399	
S00011.vasti-knee_angle.pos_max 	-0.14189038	-0.13859332	0.00557202	
S00011.hamstrings-pelvis_tilt.KP	1.5029483	1.5168049	0.052444858	
S00011.hamstrings-pelvis_tilt.KV	0.29480571	0.29836902	0.0051751078	
S00011.hamstrings-pelvis_tilt.C0	-0.000589494	-0.0019064078	0.0055042466	
S00011.glut_max-pelvis_tilt.KP  	1.4380873	1.4668544	0.056066288	
S00011.glut_max-pelvis_tilt.KV  	0.19877231	0.19760418	0.0054424481	
S00011.glut_max-pelvis_tilt.C0  	0.033154175	0.033702506	0.0050667392	
S00011.iliopsoas-pelvis_tilt.KP 	-1.3063177	-1.2228191	0.054155761	
S00011.iliopsoas-pelvis_tilt.KV 	-0.28820358	-0.28957306	0.0055535786	
S00011.iliopsoas-pelvis_tilt.C0 	0.22142495	0.21019378	0.0069300787	
S00100.iliopsoas.C0             	0.25185529	0.24823406	0.0054420124	
S00100.glut_max.C0              	-0.18756862	-0.17920372	0.005540965	
S11000.iliopsoas.KL             	0.45053659	0.43808879	0.0058469754	
S11000.iliopsoas.L0             	0.53548949	0.52452188	0.0053815695	
S11000.iliopsoas-pelvis_tilt.P0 	-0.16777529	-0.16837336	0.0055864588	
S11000.iliopsoas-pelvis_tilt.KP 	0.90258386	0.92853734	0.054533781	
S11000.iliopsoas-pelvis_tilt.KV 	0.24506916	0.24916924	0.0051800304	
S11000.iliopsoas-hamstrings.KL  	-2.5031085	-2.4303095	0.2045441	
S11000.iliopsoas-hamstrings.L0  	0.86932418	0.86399797	0.0051671361	
S11000.hamstrings.KF            	0.58433465	0.58619462	0.0055202632	
S11000.glut_max.KF              	0.49869157	0.49765221	0.0055745807	
