pelvis_tilt.offset              	-0.0065375941	-0.0110262	0.0054283679	
hip_flexion_r.offset            	-0.039775174	-0.044951308	0.0057695647	
knee_angle_r.offset             	0.0080842246	0.015183827	0.0056000577	
ankle_angle_r.offset            	-0.035761426	-0.036922958	0.0069513025	
hip_flexion_l.offset            	0.056963151	0.055915391	0.0059935551	
knee_angle_l.offset             	0.07836327	0.075582747	0.0060746107	
ankle_angle_l.offset            	-0.022324815	-0.026979861	0.0058205783	
stance_load_threshold           	0.0095001138	0.016386305	0.0056580462	
S11111.tib_ant.KL               	1.496651	1.4423186	0.059778301	
S11111.tib_ant.L0               	0.69162861	0.69806874	0.0060117034	
S11111.tib_ant-soleus.KF        	-0.26666428	-0.28188948	0.0065500924	
S00111.soleus.KF                	0.72206249	0.67694653	0.058237097	
S00111.gastroc.KF               	1.5204174	1.4915653	0.050351402	
S00111.soleus.KV                	0.30574112	0.30857893	0.031024159	
S00111.gastroc.KV               	0.12305661	0.13910724	0.029224323	
S11000.soleus.KV                	0.016332119	0.014719858	0.031038658	
S11000.gastroc.KV               	0.0050029639	0.017174615	0.029889259	
S00011.vasti.KF                 	1.0607087	1.1040888	0.048877098	
S00011.vasti.C0                 	0.080145097	0.077709644	0.0053311633	
S00011.vasti-knee_angle.pos_max 	-0.13516985	-0.13611046	0.0061921453	
S00011.hamstrings-pelvis_tilt.KP	1.4960539	1.4428404	0.058773804	
S00011.hamstrings-pelvis_tilt.KV	0.31298483	0.30707451	0.0057512357	
S00011.hamstrings-pelvis_tilt.C0	0.0042287788	0.001253777	0.0060957679	
S00011.glut_max-pelvis_tilt.KP  	1.4888695	1.4904058	0.062087586	
S00011.glut_max-pelvis_tilt.KV  	0.209056	0.20502618	0.0060391907	
S00011.glut_max-pelvis_tilt.C0  	0.035850669	0.036852505	0.0056446487	
S00011.iliopsoas-pelvis_tilt.KP 	-1.2616256	-1.2494906	0.059922009	
S00011.iliopsoas-pelvis_tilt.KV 	-0.29502132	-0.29662269	0.0061554034	
S00011.iliopsoas-pelvis_tilt.C0 	0.22760571	0.21333528	0.007690649	
S00100.iliopsoas.C0             	0.26650755	0.2574639	0.0060319282	
S00100.glut_max.C0              	-0.18401807	-0.18243409	0.006140781	
S11000.iliopsoas.KL             	0.44093636	0.44302815	0.0065254135	
S11000.iliopsoas.L0             	0.53214243	0.52739529	0.0059707611	
S11000.iliopsoas-pelvis_tilt.P0 	-0.15978997	-0.16576676	0.0061996683	
S11000.iliopsoas-pelvis_tilt.KP 	1.0463041	1.059014	0.060678169	
S11000.iliopsoas-pelvis_tilt.KV 	0.24028131	0.24508851	0.0057359544	
S11000.iliopsoas-hamstrings.KL  	-2.3263041	-2.5888761	0.22966088	
S11000.iliopsoas-hamstrings.L0  	0.87483188	0.87052287	0.0057199574	
S11000.hamstrings.KF            	0.58648488	0.5843477	0.0060971862	
S11000.glut_max.KF              	0.50613719	0.50405949	0.0061812652	
