pelvis_tilt.offset              	-0.0092415879	-0.0068422527	0.0057428447	
hip_flexion_r.offset            	-0.050078523	-0.044749871	0.006094951	
knee_angle_r.offset             	0.018599347	0.017130965	0.005925217	
ankle_angle_r.offset            	-0.039788564	-0.03909276	0.0073432692	
hip_flexion_l.offset            	0.066452498	0.055594666	0.006322936	
knee_angle_l.offset             	0.074202789	0.077688774	0.0064176445	
ankle_angle_l.offset            	-0.033696084	-0.027671086	0.0061527573	
stance_load_threshold           	0.011892779	0.018012263	0.0059901938	
S11111.tib_ant.KL               	1.4806848	1.4696001	0.063291793	
S11111.tib_ant.L0               	0.67701518	0.68943042	0.0063940064	
S11111.tib_ant-soleus.KF        	-0.27057568	-0.27316636	0.0069372751	
S00111.soleus.KF                	0.67801517	0.73154961	0.06181688	
S00111.gastroc.KF               	1.509825	1.4966999	0.053234384	
S00111.soleus.KV                	0.28983094	0.31434469	0.032850199	
S00111.gastroc.KV               	0.059491073	0.128191	0.030818886	
S11000.soleus.KV                	0.035194881	0.034282841	0.032729571	
S11000.gastroc.KV               	0.010639936	0.029184984	0.031534068	
S00011.vasti.KF                 	1.0746645	1.0051336	0.051927194	
S00011.vasti.C0                 	0.081043621	0.078090595	0.0056320945	
S00011.vasti-knee_angle.pos_max 	-0.13264916	-0.13553565	0.00654328	
S00011.hamstrings-pelvis_tilt.KP	1.5046806	1.4510882	0.062031194	
S00011.hamstrings-pelvis_tilt.KV	0.30461312	0.30680218	0.0060867172	
S00011.hamstrings-pelvis_tilt.C0	0.0077603924	-0.0013647791	0.0064415367	
S00011.glut_max-pelvis_tilt.KP  	1.4794825	1.4905243	0.065532968	
S00011.glut_max-pelvis_tilt.KV  	0.20761556	0.20721647	0.0063907765	
S00011.glut_max-pelvis_tilt.C0  	0.035387936	0.035173157	0.0059570284	
S00011.iliopsoas-pelvis_tilt.KP 	-1.3268427	-1.2923838	0.063255656	
S00011.iliopsoas-pelvis_tilt.KV 	-0.28701956	-0.2879383	0.0065026188	
S00011.iliopsoas-pelvis_tilt.C0 	0.23249579	0.2244061	0.0081537986	
S00100.iliopsoas.C0             	0.2645393	0.2608595	0.0063919097	
S00100.glut_max.C0              	-0.17790017	-0.18288524	0.0064795942	
S11000.iliopsoas.KL             	0.44688257	0.44293778	0.0068976176	
S11000.iliopsoas.L0             	0.5202836	0.52882766	0.0063027268	
S11000.iliopsoas-pelvis_tilt.P0 	-0.17243942	-0.1622645	0.0065532407	
S11000.iliopsoas-pelvis_tilt.KP 	0.98520216	1.0650461	0.064114887	
S11000.iliopsoas-pelvis_tilt.KV 	0.25669169	0.24513216	0.0060644277	
S11000.iliopsoas-hamstrings.KL  	-2.1409679	-2.5192942	0.2432003	
S11000.iliopsoas-hamstrings.L0  	0.87270901	0.87123525	0.0060419754	
S11000.hamstrings.KF            	0.58594213	0.5810478	0.0064332596	
S11000.glut_max.KF              	0.49613816	0.50029542	0.0065227685	
