pelvis_tilt.offset              	-0.00023280712	-0.0060803852	0.0058949456	
hip_flexion_r.offset            	-0.036822612	-0.045914513	0.0062545981	
knee_angle_r.offset             	0.0083695682	0.017406794	0.0060750032	
ankle_angle_r.offset            	-0.041738579	-0.039052596	0.0075287049	
hip_flexion_l.offset            	0.053172118	0.058329909	0.0064932564	
knee_angle_l.offset             	0.074567427	0.077653937	0.0065834432	
ankle_angle_l.offset            	-0.030960759	-0.029935365	0.0063199658	
stance_load_threshold           	0.017609382	0.01321723	0.0061477662	
S11111.tib_ant.KL               	1.6398197	1.468807	0.064919154	
S11111.tib_ant.L0               	0.67608096	0.68325993	0.0066038034	
S11111.tib_ant-soleus.KF        	-0.26841619	-0.27262568	0.0071162317	
S00111.soleus.KF                	0.7156994	0.74115201	0.063610119	
S00111.gastroc.KF               	1.439807	1.4841959	0.054615186	
S00111.soleus.KV                	0.29369941	0.30764909	0.033742829	
S00111.gastroc.KV               	0.042505345	0.10423174	0.031703948	
S11000.soleus.KV                	0.061372634	0.039016456	0.03354842	
S11000.gastroc.KV               	0.053012882	0.020897921	0.032338418	
S00011.vasti.KF                 	0.97082133	1.0156134	0.05333971	
S00011.vasti.C0                 	0.071798916	0.077684798	0.0057757518	
S00011.vasti-knee_angle.pos_max 	-0.13199238	-0.13596087	0.0067204024	
S00011.hamstrings-pelvis_tilt.KP	1.4884616	1.4645309	0.063638232	
S00011.hamstrings-pelvis_tilt.KV	0.30171225	0.30287375	0.0062417732	
S00011.hamstrings-pelvis_tilt.C0	-0.0018512983	0.0048240092	0.0066230702	
S00011.glut_max-pelvis_tilt.KP  	1.4759754	1.5157213	0.067197383	
S00011.glut_max-pelvis_tilt.KV  	0.19512951	0.20914998	0.0065674871	
S00011.glut_max-pelvis_tilt.C0  	0.040370927	0.036060933	0.0061089086	
S00011.iliopsoas-pelvis_tilt.KP 	-1.2765025	-1.3035493	0.064904713	
S00011.iliopsoas-pelvis_tilt.KV 	-0.30721788	-0.29045692	0.0066717283	
S00011.iliopsoas-pelvis_tilt.C0 	0.22742848	0.22381399	0.0083738864	
S00100.iliopsoas.C0             	0.2667416	0.26172516	0.0065591551	
S00100.glut_max.C0              	-0.17960754	-0.18099388	0.006642733	
S11000.iliopsoas.KL             	0.44677875	0.44369582	0.0070767955	
S11000.iliopsoas.L0             	0.52312755	0.52220111	0.0064792868	
S11000.iliopsoas-pelvis_tilt.P0 	-0.16204426	-0.16354875	0.0067308576	
S11000.iliopsoas-pelvis_tilt.KP 	1.1876707	1.0424795	0.065806265	
S11000.iliopsoas-pelvis_tilt.KV 	0.24625335	0.24776554	0.0062325332	
S11000.iliopsoas-hamstrings.KL  	-2.2699943	-2.3031204	0.25012983	
S11000.iliopsoas-hamstrings.L0  	0.88036074	0.87387779	0.0062004837	
S11000.hamstrings.KF            	0.58795673	0.58250157	0.0065979688	
S11000.glut_max.KF              	0.50747381	0.50427668	0.0067090368	
