pelvis_tilt.offset              	0.0027653607	0.0041534574	0.0069916697	
hip_flexion_r.offset            	-0.043437135	-0.054463496	0.007383231	
knee_angle_r.offset             	0.014554398	0.020582513	0.0071573007	
ankle_angle_r.offset            	-0.017223163	-0.028661175	0.0088100339	
hip_flexion_l.offset            	0.054693797	0.054178188	0.0076203585	
knee_angle_l.offset             	0.062262407	0.070253847	0.0077570983	
ankle_angle_l.offset            	-0.038334895	-0.040965094	0.0074845297	
stance_load_threshold           	0.017102366	0.011503229	0.0072025081	
S11111.tib_ant.KL               	1.5656066	1.5697645	0.076673058	
S11111.tib_ant.L0               	0.67033403	0.67223951	0.0079847322	
S11111.tib_ant-soleus.KF        	-0.26482834	-0.26587921	0.0084182734	
S00111.soleus.KF                	0.69882519	0.77529521	0.075845846	
S00111.gastroc.KF               	1.4701412	1.4048211	0.064281157	
S00111.soleus.KV                	0.3155599	0.30397733	0.039685267	
S00111.gastroc.KV               	0.0074356794	0.054016132	0.03747568	
S11000.soleus.KV                	0.063897355	0.061550381	0.039230077	
S11000.gastroc.KV               	0.047483828	0.035400267	0.037644217	
S00011.vasti.KF                 	0.9254929	0.93711042	0.062967187	
S00011.vasti.C0                 	0.07457831	0.077160049	0.0067749893	
S00011.vasti-knee_angle.pos_max 	-0.14324403	-0.13723428	0.0078703789	
S00011.hamstrings-pelvis_tilt.KP	1.6208039	1.6397305	0.074652198	
S00011.hamstrings-pelvis_tilt.KV	0.30014674	0.29413463	0.0073222992	
S00011.hamstrings-pelvis_tilt.C0	0.011585643	8.8353001e-05	0.0078034643	
S00011.glut_max-pelvis_tilt.KP  	1.3220458	1.4033932	0.078557389	
S00011.glut_max-pelvis_tilt.KV  	0.21349098	0.20778884	0.0077645761	
S00011.glut_max-pelvis_tilt.C0  	0.030993516	0.032603939	0.0071868726	
S00011.iliopsoas-pelvis_tilt.KP 	-1.1895679	-1.2097487	0.076304368	
S00011.iliopsoas-pelvis_tilt.KV 	-0.29814313	-0.31108668	0.007935621	
S00011.iliopsoas-pelvis_tilt.C0 	0.25983412	0.24278618	0.0098878002	
S00100.iliopsoas.C0             	0.28317003	0.27482457	0.0077757432	
S00100.glut_max.C0              	-0.1598626	-0.16287209	0.0078492715	
S11000.iliopsoas.KL             	0.4465771	0.44466689	0.0083200405	
S11000.iliopsoas.L0             	0.53105595	0.52455888	0.0075841338	
S11000.iliopsoas-pelvis_tilt.P0 	-0.1481985	-0.15597664	0.0079526516	
S11000.iliopsoas-pelvis_tilt.KP 	1.3912365	1.3342534	0.079608854	
S11000.iliopsoas-pelvis_tilt.KV 	0.24899715	0.24771184	0.0073135643	
S11000.iliopsoas-hamstrings.KL  	-1.169194	-1.7079777	0.29407561	
S11000.iliopsoas-hamstrings.L0  	0.87009853	0.8809324	0.0072959535	
S11000.hamstrings.KF            	0.58745059	0.58683229	0.0077237436	
S11000.glut_max.KF              	0.51384462	0.50994878	0.0079035984	
