pelvis_tilt.offset              	0.017444348	0.0050235051	0.0069071921	
hip_flexion_r.offset            	-0.037187114	-0.036821045	0.0072711112	
knee_angle_r.offset             	0.024411798	0.018471322	0.0070609704	
ankle_angle_r.offset            	-0.026873091	-0.029984956	0.0086789683	
hip_flexion_l.offset            	0.049529842	0.049885517	0.007467889	
knee_angle_l.offset             	0.069393713	0.084446472	0.0076622899	
ankle_angle_l.offset            	-0.035393923	-0.042030227	0.0073780816	
stance_load_threshold           	0.019034205	0.018032095	0.0071092728	
S11111.tib_ant.KL               	1.5873978	1.5831638	0.075901437	
S11111.tib_ant.L0               	0.65380616	0.6604619	0.0079483277	
S11111.tib_ant-soleus.KF        	-0.27449456	-0.26790587	0.0082894518	
S00111.soleus.KF                	0.60124254	0.74640747	0.075071025	
S00111.gastroc.KF               	1.2733321	1.3423911	0.063437461	
S00111.soleus.KV                	0.28753873	0.30376291	0.039002685	
S00111.gastroc.KV               	0.0069534795	0.034556333	0.036935567	
S11000.soleus.KV                	0.06422044	0.081896934	0.038492817	
S11000.gastroc.KV               	0.017972302	0.034020274	0.036866431	
S00011.vasti.KF                 	0.93499026	0.87047793	0.062364573	
S00011.vasti.C0                 	0.074130955	0.08053296	0.0066377863	
S00011.vasti-knee_angle.pos_max 	-0.13889563	-0.13408332	0.0077269339	
S00011.hamstrings-pelvis_tilt.KP	1.7595609	1.7404158	0.073910412	
S00011.hamstrings-pelvis_tilt.KV	0.29702033	0.30470961	0.0072289292	
S00011.hamstrings-pelvis_tilt.C0	-0.00011901534	-0.0032942868	0.0076895976	
S00011.glut_max-pelvis_tilt.KP  	1.5546527	1.4919514	0.077534871	
S00011.glut_max-pelvis_tilt.KV  	0.21308724	0.20520608	0.0076514482	
S00011.glut_max-pelvis_tilt.C0  	0.031100307	0.025177242	0.0070869064	
S00011.iliopsoas-pelvis_tilt.KP 	-0.99588843	-1.077842	0.075433873	
S00011.iliopsoas-pelvis_tilt.KV 	-0.30888787	-0.29956906	0.007807604	
S00011.iliopsoas-pelvis_tilt.C0 	0.25836381	0.23833628	0.0097847303	
S00100.iliopsoas.C0             	0.27494534	0.27023904	0.0076838435	
S00100.glut_max.C0              	-0.14857544	-0.14917808	0.0077858076	
S11000.iliopsoas.KL             	0.43900062	0.43861344	0.0082136039	
S11000.iliopsoas.L0             	0.54212967	0.54045213	0.0074721495	
S11000.iliopsoas-pelvis_tilt.P0 	-0.13256276	-0.1531465	0.0078219676	
S11000.iliopsoas-pelvis_tilt.KP 	1.445982	1.2761894	0.078610779	
S11000.iliopsoas-pelvis_tilt.KV 	0.24035367	0.24972179	0.0071799497	
S11000.iliopsoas-hamstrings.KL  	-1.4004795	-1.4436965	0.28965745	
S11000.iliopsoas-hamstrings.L0  	0.87346845	0.87445645	0.0071771089	
S11000.hamstrings.KF            	0.574768	0.57384138	0.0076159377	
S11000.glut_max.KF              	0.51326413	0.50822718	0.0077651777	
