pelvis_tilt.offset              	0.024368263	0.021891416	0.0046973222	
hip_flexion_r.offset            	-0.0075920573	-0.011606857	0.00486293	
knee_angle_r.offset             	0.048515584	0.04614258	0.0048032806	
ankle_angle_r.offset            	-0.075545233	-0.076712692	0.0059231324	
hip_flexion_l.offset            	0.052483643	0.055677708	0.0049130526	
knee_angle_l.offset             	0.11881632	0.1132443	0.0053285062	
ankle_angle_l.offset            	-0.032959243	-0.026664237	0.0049940698	
stance_load_threshold           	0.030791127	0.027585285	0.0047187156	
S11111.tib_ant.KL               	1.6472431	1.5700472	0.050567783	
S11111.tib_ant.L0               	0.62043311	0.62577347	0.005507506	
S11111.tib_ant-soleus.KF        	-0.27180259	-0.27178061	0.0055903093	
S00111.soleus.KF                	0.74327066	0.68882066	0.049992861	
S00111.gastroc.KF               	1.1372522	1.1564464	0.042725233	
S00111.soleus.KV                	0.27035862	0.25717376	0.026193735	
S00111.gastroc.KV               	0.19095998	0.21373535	0.025150301	
S11000.soleus.KV                	0.12631265	0.12384365	0.025295493	
S11000.gastroc.KV               	0.014010161	0.05364397	0.023455985	
S00011.vasti.KF                 	0.82897814	0.89581016	0.040411465	
S00011.vasti.C0                 	0.080507401	0.080262896	0.004413511	
S00011.vasti-knee_angle.pos_max 	-0.1344919	-0.13407512	0.0051887224	
S00011.hamstrings-pelvis_tilt.KP	1.5776588	1.6129146	0.049775311	
S00011.hamstrings-pelvis_tilt.KV	0.31807192	0.31849665	0.0048269093	
S00011.hamstrings-pelvis_tilt.C0	-0.0013397218	0.0027774875	0.00517128	
S00011.glut_max-pelvis_tilt.KP  	1.3593345	1.4571666	0.05183842	
S00011.glut_max-pelvis_tilt.KV  	0.19516327	0.20048922	0.0051381344	
S00011.glut_max-pelvis_tilt.C0  	0.01581338	0.023971167	0.0048635532	
S00011.iliopsoas-pelvis_tilt.KP 	-0.96271534	-1.0208167	0.051614396	
S00011.iliopsoas-pelvis_tilt.KV 	-0.3474359	-0.34348267	0.0053840942	
S00011.iliopsoas-pelvis_tilt.C0 	0.23568725	0.24523087	0.006578038	
S00100.iliopsoas.C0             	0.26039892	0.25419832	0.0050457341	
S00100.glut_max.C0              	-0.1341712	-0.13422189	0.0053067818	
S11000.iliopsoas.KL             	0.46052866	0.4527815	0.0055744777	
S11000.iliopsoas.L0             	0.54498322	0.54441497	0.005123761	
S11000.iliopsoas-pelvis_tilt.P0 	-0.12682798	-0.13108598	0.0052980834	
S11000.iliopsoas-pelvis_tilt.KP 	1.3687124	1.350402	0.052890046	
S11000.iliopsoas-pelvis_tilt.KV 	0.22411154	0.2303861	0.0047919565	
S11000.iliopsoas-hamstrings.KL  	-1.3369355	-1.4299608	0.18973103	
S11000.iliopsoas-hamstrings.L0  	0.87422264	0.87609206	0.0048791162	
S11000.hamstrings.KF            	0.58109518	0.58351442	0.0052268528	
S11000.glut_max.KF              	0.52869347	0.52001139	0.0052523371	
