pelvis_tilt.offset              	-0.02841385	-0.026880058	0.0015536582	
hip_flexion_r.offset            	-0.028445359	-0.026141663	0.0016921351	
knee_angle_r.offset             	0.010049956	0.012179675	0.0016099618	
ankle_angle_r.offset            	0.0043332613	0.0037964291	0.0018668673	
hip_flexion_l.offset            	0.054316637	0.05559331	0.0017103562	
knee_angle_l.offset             	0.051367061	0.049108476	0.0016901099	
ankle_angle_l.offset            	-0.021228014	-0.018829633	0.0017073696	
stance_load_threshold           	0.017602715	0.01448686	0.0016406902	
S11111.tib_ant.KL               	1.2497214	1.2586183	0.017300561	
S11111.tib_ant.L0               	0.74098857	0.73985094	0.0015812577	
S11111.tib_ant-soleus.KF        	-0.3001626	-0.29858344	0.0017579302	
S00111.soleus.KF                	0.4229734	0.41959591	0.016279493	
S00111.gastroc.KF               	1.5412214	1.5305578	0.014386648	
S00111.soleus.KV                	0.84322912	0.94258715	0.085973416	
S00111.gastroc.KV               	1.0038014	0.99237628	0.086154814	
S11000.soleus.KV                	0.08764167	0.091274545	0.0086067602	
S11000.gastroc.KV               	0.11534993	0.10833644	0.0085832662	
S00011.vasti.KF                 	1.0701236	1.0639863	0.014248035	
S00011.vasti.C0                 	0.074776051	0.072305828	0.0014385122	
S00011.vasti-knee_angle.pos_max 	-0.15457568	-0.15387781	0.0017461528	
S00011.hamstrings-pelvis_tilt.KP	1.5948561	1.5826438	0.016671032	
S00011.hamstrings-pelvis_tilt.KV	0.29800484	0.29833322	0.0016922202	
S00011.hamstrings-pelvis_tilt.C0	0.01654023	0.018734023	0.0017467603	
S00011.glut_max-pelvis_tilt.KP  	1.6107331	1.589938	0.017125994	
S00011.glut_max-pelvis_tilt.KV  	0.20218788	0.20478412	0.0017108757	
S00011.glut_max-pelvis_tilt.C0  	0.03972404	0.040555729	0.0016329792	
S00011.iliopsoas-pelvis_tilt.KP 	-1.24089	-1.2378787	0.017424955	
S00011.iliopsoas-pelvis_tilt.KV 	-0.2947972	-0.29559091	0.001753058	
S00011.iliopsoas-pelvis_tilt.C0 	0.20935716	0.20656405	0.0021304986	
S00100.iliopsoas.C0             	0.26278995	0.26092219	0.0017063386	
S00100.glut_max.C0              	-0.17944086	-0.1776011	0.0017658224	
S11000.iliopsoas.KL             	0.44229952	0.44280357	0.0018304786	
S11000.iliopsoas.L0             	0.54916863	0.55087154	0.001684125	
S11000.iliopsoas-pelvis_tilt.P0 	-0.16978017	-0.16666839	0.0017918117	
S11000.iliopsoas-pelvis_tilt.KP 	0.80235336	0.80520169	0.017736531	
S11000.iliopsoas-pelvis_tilt.KV 	0.23702184	0.2362089	0.0016724549	
S11000.iliopsoas-hamstrings.KL  	-1.2349952	-1.1882804	0.06718905	
S11000.iliopsoas-hamstrings.L0  	0.8682886	0.869423	0.0016635807	
S11000.hamstrings.KF            	0.58144611	0.57638163	0.001767328	
S11000.glut_max.KF              	0.48353496	0.48564839	0.0017763193	
