pelvis_tilt.offset              	-0.025521879	-0.026108279	0.0016091356	
hip_flexion_r.offset            	-0.023941587	-0.026275151	0.0017518549	
knee_angle_r.offset             	0.011987206	0.011356639	0.00166937	
ankle_angle_r.offset            	0.0035134987	0.0024811492	0.0019353728	
hip_flexion_l.offset            	0.055993518	0.056453663	0.0017747261	
knee_angle_l.offset             	0.049825685	0.050418398	0.00175381	
ankle_angle_l.offset            	-0.020134974	-0.019634345	0.0017722375	
stance_load_threshold           	0.015920973	0.015397169	0.0017053902	
S11111.tib_ant.KL               	1.2547023	1.2475111	0.017906588	
S11111.tib_ant.L0               	0.73938333	0.74088656	0.0016386417	
S11111.tib_ant-soleus.KF        	-0.29822924	-0.30033384	0.0018201376	
S00111.soleus.KF                	0.42744671	0.43157584	0.016883977	
S00111.gastroc.KF               	1.5472219	1.54549	0.014934248	
S00111.soleus.KV                	0.70181202	0.83201364	0.089130259	
S00111.gastroc.KV               	0.87424746	0.93147644	0.089402912	
S11000.soleus.KV                	0.079754217	0.095483523	0.008915286	
S11000.gastroc.KV               	0.12691057	0.12339051	0.0089198122	
S00011.vasti.KF                 	1.0426479	1.0644642	0.014757079	
S00011.vasti.C0                 	0.071428341	0.072321587	0.0014912715	
S00011.vasti-knee_angle.pos_max 	-0.15487985	-0.15373953	0.0018102767	
S00011.hamstrings-pelvis_tilt.KP	1.5786193	1.5959686	0.017269368	
S00011.hamstrings-pelvis_tilt.KV	0.29871103	0.29762701	0.0017530861	
S00011.hamstrings-pelvis_tilt.C0	0.017534837	0.018207868	0.0018143376	
S00011.glut_max-pelvis_tilt.KP  	1.564559	1.5872618	0.017741785	
S00011.glut_max-pelvis_tilt.KV  	0.20367714	0.2021825	0.0017785152	
S00011.glut_max-pelvis_tilt.C0  	0.037345662	0.039263821	0.0016899299	
S00011.iliopsoas-pelvis_tilt.KP 	-1.239564	-1.2320911	0.018057347	
S00011.iliopsoas-pelvis_tilt.KV 	-0.29406041	-0.2943604	0.0018171493	
S00011.iliopsoas-pelvis_tilt.C0 	0.20660679	0.20598512	0.0022076474	
S00100.iliopsoas.C0             	0.25834082	0.26149134	0.0017724887	
S00100.glut_max.C0              	-0.17982209	-0.18023814	0.0018376612	
S11000.iliopsoas.KL             	0.44319931	0.4426263	0.0018955205	
S11000.iliopsoas.L0             	0.5501595	0.5495355	0.0017461773	
S11000.iliopsoas-pelvis_tilt.P0 	-0.16896154	-0.16754976	0.0018582563	
S11000.iliopsoas-pelvis_tilt.KP 	0.81364512	0.83390146	0.018384284	
S11000.iliopsoas-pelvis_tilt.KV 	0.23754368	0.23663272	0.0017312871	
S11000.iliopsoas-hamstrings.KL  	-1.3161515	-1.2765206	0.070145269	
S11000.iliopsoas-hamstrings.L0  	0.86831551	0.86812879	0.0017249496	
S11000.hamstrings.KF            	0.58029679	0.57740333	0.0018386808	
S11000.glut_max.KF              	0.48342701	0.4840808	0.0018414297	
