pelvis_tilt.offset              	-0.031561855	-0.030762878	0.0022471058	
hip_flexion_r.offset            	-0.035346107	-0.031355382	0.0024546607	
knee_angle_r.offset             	0.015657501	0.019270092	0.0023494291	
ankle_angle_r.offset            	-0.0018509228	0.0015296782	0.0027090287	
hip_flexion_l.offset            	0.054810682	0.05244359	0.002465112	
knee_angle_l.offset             	0.054407448	0.051131676	0.0024198322	
ankle_angle_l.offset            	-0.023980629	-0.027013501	0.0025023836	
stance_load_threshold           	0.016851505	0.019445666	0.0023908483	
S11111.tib_ant.KL               	1.1727029	1.1779093	0.025155396	
S11111.tib_ant.L0               	0.74286575	0.74032802	0.0022745955	
S11111.tib_ant-soleus.KF        	-0.30706289	-0.30474695	0.0025219082	
S00111.soleus.KF                	0.40763375	0.41509748	0.023356404	
S00111.gastroc.KF               	1.6521797	1.622487	0.021318898	
S00111.soleus.KV                	0.61509304	0.74265285	0.12438875	
S00111.gastroc.KV               	1.4614884	1.3088492	0.1247113	
S11000.soleus.KV                	0.098740853	0.093825732	0.012464956	
S11000.gastroc.KV               	0.15337279	0.14077796	0.01280356	
S00011.vasti.KF                 	1.1088533	1.1190713	0.020685889	
S00011.vasti.C0                 	0.063051792	0.064633681	0.0021100336	
S00011.vasti-knee_angle.pos_max 	-0.15658525	-0.15775188	0.0025129818	
S00011.hamstrings-pelvis_tilt.KP	1.6354829	1.6223107	0.024043884	
S00011.hamstrings-pelvis_tilt.KV	0.29574732	0.29856777	0.0024188712	
S00011.hamstrings-pelvis_tilt.C0	0.017942939	0.019120112	0.0025647602	
S00011.glut_max-pelvis_tilt.KP  	1.5201607	1.524432	0.024821782	
S00011.glut_max-pelvis_tilt.KV  	0.20690299	0.20629709	0.0024599235	
S00011.glut_max-pelvis_tilt.C0  	0.034912874	0.03702341	0.0023426889	
S00011.iliopsoas-pelvis_tilt.KP 	-1.2004077	-1.250041	0.02503536	
S00011.iliopsoas-pelvis_tilt.KV 	-0.29365856	-0.29388747	0.0024980882	
S00011.iliopsoas-pelvis_tilt.C0 	0.21351861	0.21552284	0.0030955749	
S00100.iliopsoas.C0             	0.25552554	0.25703961	0.0024484699	
S00100.glut_max.C0              	-0.17685771	-0.17930011	0.0025743504	
S11000.iliopsoas.KL             	0.43123599	0.43442069	0.0026616582	
S11000.iliopsoas.L0             	0.54860828	0.54623983	0.0024377111	
S11000.iliopsoas-pelvis_tilt.P0 	-0.17920155	-0.17774257	0.0025830271	
S11000.iliopsoas-pelvis_tilt.KP 	0.76503515	0.82892614	0.025492184	
S11000.iliopsoas-pelvis_tilt.KV 	0.23350325	0.23225452	0.0024191534	
S11000.iliopsoas-hamstrings.KL  	-1.6096382	-1.6814403	0.10384951	
S11000.iliopsoas-hamstrings.L0  	0.87361588	0.87283939	0.002393947	
S11000.hamstrings.KF            	0.5785718	0.58193479	0.0025710815	
S11000.glut_max.KF              	0.47794086	0.47720921	0.0025853114	
