pelvis_tilt.offset              	-0.028461994	-0.027359365	0.0017633421	
hip_flexion_r.offset            	-0.02098304	-0.025139064	0.0019258446	
knee_angle_r.offset             	0.018339168	0.018194966	0.0018246163	
ankle_angle_r.offset            	0.00012419654	0.0043197027	0.0021146562	
hip_flexion_l.offset            	0.05145189	0.050601052	0.0019291503	
knee_angle_l.offset             	0.047644853	0.047590146	0.0019147514	
ankle_angle_l.offset            	-0.018284269	-0.016559262	0.0019435031	
stance_load_threshold           	0.0087848405	0.0085161175	0.001861352	
S11111.tib_ant.KL               	1.319299	1.3113122	0.019718167	
S11111.tib_ant.L0               	0.73899725	0.73865345	0.001798531	
S11111.tib_ant-soleus.KF        	-0.30325776	-0.3023591	0.0020023021	
S00111.soleus.KF                	0.46749218	0.42904444	0.018540756	
S00111.gastroc.KF               	1.5282681	1.5187275	0.016427923	
S00111.soleus.KV                	0.061949161	0.078244946	0.0097704305	
S00111.gastroc.KV               	0.097348126	0.095026293	0.0097695371	
S11000.soleus.KV                	0.057459972	0.062505747	0.0098387889	
S11000.gastroc.KV               	0.091150715	0.11535185	0.009774572	
S00011.vasti.KF                 	1.0809768	1.0451403	0.016127611	
S00011.vasti.C0                 	0.069904838	0.071012825	0.0016330084	
S00011.vasti-knee_angle.pos_max 	-0.16266367	-0.16052715	0.001986478	
S00011.hamstrings-pelvis_tilt.KP	1.6166946	1.6261895	0.018903679	
S00011.hamstrings-pelvis_tilt.KV	0.29988408	0.30009331	0.001916803	
S00011.hamstrings-pelvis_tilt.C0	0.015329283	0.017966174	0.0019838702	
S00011.glut_max-pelvis_tilt.KP  	1.5587836	1.5924396	0.019379225	
S00011.glut_max-pelvis_tilt.KV  	0.20083842	0.20184685	0.0019429411	
S00011.glut_max-pelvis_tilt.C0  	0.041477642	0.040392926	0.0018481844	
S00011.iliopsoas-pelvis_tilt.KP 	-1.1993193	-1.2512792	0.019778355	
S00011.iliopsoas-pelvis_tilt.KV 	-0.29741229	-0.29709859	0.0019839071	
S00011.iliopsoas-pelvis_tilt.C0 	0.20790024	0.20630766	0.0024140591	
S00100.iliopsoas.C0             	0.26190142	0.26170019	0.001938764	
S00100.glut_max.C0              	-0.17752231	-0.17208858	0.0019963267	
S11000.iliopsoas.KL             	0.4451714	0.44379983	0.0020830088	
S11000.iliopsoas.L0             	0.5521365	0.55280581	0.0019190408	
S11000.iliopsoas-pelvis_tilt.P0 	-0.16881136	-0.16488613	0.0020384568	
S11000.iliopsoas-pelvis_tilt.KP 	0.79634354	0.81805423	0.020045593	
S11000.iliopsoas-pelvis_tilt.KV 	0.23781688	0.23667066	0.0018946619	
S11000.iliopsoas-hamstrings.KL  	-1.2370344	-1.3565971	0.077006809	
S11000.iliopsoas-hamstrings.L0  	0.86840691	0.87274913	0.0018921825	
S11000.hamstrings.KF            	0.57653716	0.57705032	0.0020087442	
S11000.glut_max.KF              	0.48656442	0.48390261	0.0020066748	
