pelvis_tilt.offset              	-0.028706905	-0.027320826	0.0018019381	
hip_flexion_r.offset            	-0.027232663	-0.024560211	0.0019742711	
knee_angle_r.offset             	0.015927606	0.018466752	0.0018652144	
ankle_angle_r.offset            	0.00077487359	0.001715713	0.0021684277	
hip_flexion_l.offset            	0.049606939	0.052057444	0.0019732965	
knee_angle_l.offset             	0.048003633	0.047439018	0.0019559471	
ankle_angle_l.offset            	-0.018159712	-0.016956074	0.0019867361	
stance_load_threshold           	0.0089102276	0.0084217225	0.0019023558	
S11111.tib_ant.KL               	1.3507215	1.3178803	0.020175373	
S11111.tib_ant.L0               	0.73719857	0.73761184	0.0018396234	
S11111.tib_ant-soleus.KF        	-0.30184282	-0.30240833	0.0020479648	
S00111.soleus.KF                	0.43052179	0.44756247	0.019006382	
S00111.gastroc.KF               	1.4593555	1.5169943	0.016803445	
S00111.soleus.KV                	0.075621065	0.070982983	0.010036787	
S00111.gastroc.KV               	0.09831746	0.090877434	0.0099957848	
S11000.soleus.KV                	0.060458546	0.055887393	0.010086191	
S11000.gastroc.KV               	0.091710187	0.11138998	0.010026368	
S00011.vasti.KF                 	1.06775	1.052484	0.01655671	
S00011.vasti.C0                 	0.069899118	0.071169532	0.001668717	
S00011.vasti-knee_angle.pos_max 	-0.1625059	-0.16024394	0.0020326817	
S00011.hamstrings-pelvis_tilt.KP	1.5992676	1.6173711	0.019325116	
S00011.hamstrings-pelvis_tilt.KV	0.30023536	0.30060976	0.0019587168	
S00011.hamstrings-pelvis_tilt.C0	0.019874065	0.018192839	0.0020317112	
S00011.glut_max-pelvis_tilt.KP  	1.6011543	1.5898118	0.01984173	
S00011.glut_max-pelvis_tilt.KV  	0.20590954	0.20125248	0.0019862006	
S00011.glut_max-pelvis_tilt.C0  	0.040150922	0.04165986	0.0018909294	
S00011.iliopsoas-pelvis_tilt.KP 	-1.2013674	-1.2256114	0.020295546	
S00011.iliopsoas-pelvis_tilt.KV 	-0.29953469	-0.29839063	0.0020304168	
S00011.iliopsoas-pelvis_tilt.C0 	0.20851386	0.20632993	0.0024686835	
S00100.iliopsoas.C0             	0.25980791	0.26199545	0.0019807601	
S00100.glut_max.C0              	-0.17338427	-0.17323836	0.002047539	
S11000.iliopsoas.KL             	0.44233544	0.44404194	0.0021299007	
S11000.iliopsoas.L0             	0.55401467	0.55303614	0.0019619265	
S11000.iliopsoas-pelvis_tilt.P0 	-0.16135503	-0.16539401	0.0020896047	
S11000.iliopsoas-pelvis_tilt.KP 	0.79144464	0.8094245	0.020509062	
S11000.iliopsoas-pelvis_tilt.KV 	0.23388872	0.23749861	0.0019363883	
S11000.iliopsoas-hamstrings.KL  	-1.1753483	-1.255799	0.079010471	
S11000.iliopsoas-hamstrings.L0  	0.87132663	0.87111759	0.0019396465	
S11000.hamstrings.KF            	0.5750941	0.57718074	0.0020552031	
S11000.glut_max.KF              	0.48426004	0.48470664	0.0020523371	
