pelvis_tilt.offset              	-0.029035204	-0.027361506	0.0018622375	
hip_flexion_r.offset            	-0.022597712	-0.02534391	0.0020428819	
knee_angle_r.offset             	0.018673021	0.018370741	0.0019308895	
ankle_angle_r.offset            	-0.0010825744	0.0010008021	0.0022423192	
hip_flexion_l.offset            	0.052355151	0.05283832	0.0020427959	
knee_angle_l.offset             	0.048411488	0.048425236	0.0020238577	
ankle_angle_l.offset            	-0.018578042	-0.017696441	0.0020534887	
stance_load_threshold           	0.010923162	0.0095983335	0.0019667221	
S11111.tib_ant.KL               	1.3232516	1.330734	0.020959523	
S11111.tib_ant.L0               	0.74202174	0.73938715	0.0019052472	
S11111.tib_ant-soleus.KF        	-0.29834691	-0.30267771	0.0021198638	
S00111.soleus.KF                	0.45441781	0.44772037	0.019672996	
S00111.gastroc.KF               	1.4380584	1.4872688	0.01748685	
S00111.soleus.KV                	0.067678299	0.082028529	0.010387397	
S00111.gastroc.KV               	0.088546378	0.087297475	0.010363101	
S11000.soleus.KV                	0.039012563	0.045049286	0.010511346	
S11000.gastroc.KV               	0.074239305	0.091793427	0.010421694	
S00011.vasti.KF                 	1.0686127	1.0640038	0.017149347	
S00011.vasti.C0                 	0.071747717	0.072016524	0.001727621	
S00011.vasti-knee_angle.pos_max 	-0.15774333	-0.16158233	0.0021043387	
S00011.hamstrings-pelvis_tilt.KP	1.6213844	1.6043227	0.020005471	
S00011.hamstrings-pelvis_tilt.KV	0.30177608	0.29977493	0.0020278112	
S00011.hamstrings-pelvis_tilt.C0	0.018600201	0.019563671	0.0021026055	
S00011.glut_max-pelvis_tilt.KP  	1.6137264	1.6001758	0.020550801	
S00011.glut_max-pelvis_tilt.KV  	0.20453489	0.20334839	0.0020651454	
S00011.glut_max-pelvis_tilt.C0  	0.038138193	0.040165869	0.0019555116	
S00011.iliopsoas-pelvis_tilt.KP 	-1.2125493	-1.1963172	0.021071068	
S00011.iliopsoas-pelvis_tilt.KV 	-0.29783867	-0.29908521	0.002100522	
S00011.iliopsoas-pelvis_tilt.C0 	0.20587029	0.20747392	0.0025590364	
S00100.iliopsoas.C0             	0.26032488	0.26085936	0.0020529573	
S00100.glut_max.C0              	-0.17207447	-0.17331932	0.002116703	
S11000.iliopsoas.KL             	0.44374632	0.44342413	0.0022062007	
S11000.iliopsoas.L0             	0.5523302	0.55297839	0.0020298686	
S11000.iliopsoas-pelvis_tilt.P0 	-0.16610511	-0.16426487	0.0021693123	
S11000.iliopsoas-pelvis_tilt.KP 	0.83746659	0.7971732	0.021227215	
S11000.iliopsoas-pelvis_tilt.KV 	0.2363414	0.23700961	0.0020076698	
S11000.iliopsoas-hamstrings.KL  	-1.3644879	-1.2077507	0.081844449	
S11000.iliopsoas-hamstrings.L0  	0.86814343	0.87218637	0.0020028462	
S11000.hamstrings.KF            	0.57804407	0.57649155	0.0021331633	
S11000.glut_max.KF              	0.48588933	0.48584132	0.0021260373	
