pelvis_tilt.offset              	-0.031330781	-0.029304806	0.0019820708	
hip_flexion_r.offset            	-0.021662212	-0.023304594	0.0021762518	
knee_angle_r.offset             	0.021610102	0.020791875	0.0020532224	
ankle_angle_r.offset            	0.0020103245	0.00086566034	0.0023838803	
hip_flexion_l.offset            	0.052483736	0.053906401	0.0021677801	
knee_angle_l.offset             	0.046193237	0.04694154	0.0021476705	
ankle_angle_l.offset            	-0.018768201	-0.016312321	0.0021824529	
stance_load_threshold           	0.013133535	0.010638327	0.002087615	
S11111.tib_ant.KL               	1.3063789	1.3300701	0.022281649	
S11111.tib_ant.L0               	0.74213216	0.7406844	0.0020261511	
S11111.tib_ant-soleus.KF        	-0.3027133	-0.30365651	0.002254356	
S00111.soleus.KF                	0.44164564	0.43797477	0.020917818	
S00111.gastroc.KF               	1.4517866	1.4556836	0.018726481	
S00111.soleus.KV                	0.09186246	0.089860822	0.011051371	
S00111.gastroc.KV               	0.076344459	0.085205937	0.011002305	
S11000.soleus.KV                	0.0065077065	0.036211913	0.011258718	
S11000.gastroc.KV               	0.062650637	0.073861972	0.011117597	
S00011.vasti.KF                 	1.0924621	1.0763944	0.018203138	
S00011.vasti.C0                 	0.073574897	0.072522278	0.0018339391	
S00011.vasti-knee_angle.pos_max 	-0.15703792	-0.16029844	0.0022342262	
S00011.hamstrings-pelvis_tilt.KP	1.608944	1.6010678	0.021250263	
S00011.hamstrings-pelvis_tilt.KV	0.29865998	0.30116642	0.002156667	
S00011.hamstrings-pelvis_tilt.C0	0.018742169	0.019621	0.0022298283	
S00011.glut_max-pelvis_tilt.KP  	1.6203914	1.6205488	0.021886078	
S00011.glut_max-pelvis_tilt.KV  	0.20216935	0.20458709	0.0021917151	
S00011.glut_max-pelvis_tilt.C0  	0.040002601	0.038419044	0.002074974	
S00011.iliopsoas-pelvis_tilt.KP 	-1.1508819	-1.1903306	0.022478496	
S00011.iliopsoas-pelvis_tilt.KV 	-0.29984905	-0.3001197	0.0022304812	
S00011.iliopsoas-pelvis_tilt.C0 	0.20851924	0.210315	0.0027272461	
S00100.iliopsoas.C0             	0.26469445	0.2626651	0.0021800343	
S00100.glut_max.C0              	-0.1778023	-0.17247063	0.0022490757	
S11000.iliopsoas.KL             	0.43852066	0.44409937	0.002338941	
S11000.iliopsoas.L0             	0.54859744	0.55182206	0.0021548564	
S11000.iliopsoas-pelvis_tilt.P0 	-0.16420684	-0.16380057	0.0023068006	
S11000.iliopsoas-pelvis_tilt.KP 	0.83486813	0.82454601	0.022558908	
S11000.iliopsoas-pelvis_tilt.KV 	0.23256685	0.23573421	0.0021326606	
S11000.iliopsoas-hamstrings.KL  	-1.174096	-1.2526452	0.087066987	
S11000.iliopsoas-hamstrings.L0  	0.87324651	0.8719437	0.0021327929	
S11000.hamstrings.KF            	0.57837446	0.57687026	0.0022621556	
S11000.glut_max.KF              	0.48780846	0.48448677	0.0022573724	
