pelvis_tilt.offset              	-0.026701298	-0.030173242	0.0020628161	
hip_flexion_r.offset            	-0.021450455	-0.02330476	0.0022654426	
knee_angle_r.offset             	0.021830414	0.020513343	0.0021381487	
ankle_angle_r.offset            	-0.0011501206	0.00058219072	0.00248007	
hip_flexion_l.offset            	0.051752864	0.053486903	0.0022550027	
knee_angle_l.offset             	0.049149504	0.047366556	0.0022340195	
ankle_angle_l.offset            	-0.013236421	-0.0167664	0.0022707516	
stance_load_threshold           	0.015625514	0.011593486	0.0021730015	
S11111.tib_ant.KL               	1.3007782	1.3251185	0.023197392	
S11111.tib_ant.L0               	0.73894616	0.73989108	0.0021095105	
S11111.tib_ant-soleus.KF        	-0.30301316	-0.30264859	0.0023537302	
S00111.soleus.KF                	0.42956421	0.4331875	0.021755026	
S00111.gastroc.KF               	1.4649356	1.4614629	0.019539363	
S00111.soleus.KV                	0.085347843	0.09197127	0.011495068	
S00111.gastroc.KV               	0.072919539	0.073798331	0.011474019	
S11000.soleus.KV                	0.025851906	0.025596847	0.011818435	
S11000.gastroc.KV               	0.032007075	0.064112262	0.011615673	
S00011.vasti.KF                 	1.0913797	1.0858639	0.01895063	
S00011.vasti.C0                 	0.073480428	0.073066259	0.0019086794	
S00011.vasti-knee_angle.pos_max 	-0.15515753	-0.15916167	0.0023253183	
S00011.hamstrings-pelvis_tilt.KP	1.6121962	1.6122157	0.022116703	
S00011.hamstrings-pelvis_tilt.KV	0.29924819	0.30129849	0.0022457579	
S00011.hamstrings-pelvis_tilt.C0	0.022961732	0.019265767	0.0023192373	
S00011.glut_max-pelvis_tilt.KP  	1.6187411	1.6119667	0.022806732	
S00011.glut_max-pelvis_tilt.KV  	0.20517352	0.20401914	0.0022808229	
S00011.glut_max-pelvis_tilt.C0  	0.03803901	0.038691476	0.0021584427	
S00011.iliopsoas-pelvis_tilt.KP 	-1.1630073	-1.1725691	0.023472823	
S00011.iliopsoas-pelvis_tilt.KV 	-0.3012165	-0.30021449	0.0023210975	
S00011.iliopsoas-pelvis_tilt.C0 	0.21390039	0.21061193	0.0028396266	
S00100.iliopsoas.C0             	0.26041749	0.2646492	0.0022718806	
S00100.glut_max.C0              	-0.17072613	-0.17416183	0.0023500331	
S11000.iliopsoas.KL             	0.4426725	0.44234945	0.0024397061	
S11000.iliopsoas.L0             	0.55300363	0.5517365	0.0022437238	
S11000.iliopsoas-pelvis_tilt.P0 	-0.16336827	-0.16337392	0.0024000331	
S11000.iliopsoas-pelvis_tilt.KP 	0.8305397	0.83041842	0.023459496	
S11000.iliopsoas-pelvis_tilt.KV 	0.23283327	0.23469753	0.0022211595	
S11000.iliopsoas-hamstrings.KL  	-1.4265861	-1.2331919	0.090559892	
S11000.iliopsoas-hamstrings.L0  	0.87170776	0.87162856	0.0022189102	
S11000.hamstrings.KF            	0.57770632	0.57779519	0.0023527853	
S11000.glut_max.KF              	0.48484682	0.48599606	0.0023507301	
