pelvis_tilt.offset              	-0.029852784	-0.026232596	0.0027788114	
hip_flexion_r.offset            	-0.024492552	-0.022067134	0.0030226457	
knee_angle_r.offset             	0.02414609	0.024368016	0.0028635308	
ankle_angle_r.offset            	0.0019701192	0.0011436993	0.0033108414	
hip_flexion_l.offset            	0.056253964	0.055098447	0.0030068972	
knee_angle_l.offset             	0.047413349	0.04431624	0.0029821874	
ankle_angle_l.offset            	-0.016411307	-0.011882113	0.003028278	
stance_load_threshold           	0.01151403	0.011450353	0.0029052366	
S11111.tib_ant.KL               	1.2673015	1.3140735	0.030997661	
S11111.tib_ant.L0               	0.73713769	0.73762489	0.0028218076	
S11111.tib_ant-soleus.KF        	-0.30655098	-0.30635289	0.003147371	
S00111.soleus.KF                	0.4953236	0.46291498	0.029071683	
S00111.gastroc.KF               	1.4708339	1.4538544	0.026103732	
S00111.soleus.KV                	0.052495908	0.079764136	0.015324038	
S00111.gastroc.KV               	0.074312105	0.065306013	0.015423063	
S11000.soleus.KV                	0.021517998	0.021313869	0.016028322	
S11000.gastroc.KV               	0.012925686	0.016035687	0.015779068	
S00011.vasti.KF                 	1.0132259	1.0363424	0.025425456	
S00011.vasti.C0                 	0.071125157	0.069084494	0.0025462644	
S00011.vasti-knee_angle.pos_max 	-0.14906531	-0.15231998	0.003120666	
S00011.hamstrings-pelvis_tilt.KP	1.5293764	1.5757449	0.029592991	
S00011.hamstrings-pelvis_tilt.KV	0.30377308	0.29833412	0.0030056741	
S00011.hamstrings-pelvis_tilt.C0	0.015637016	0.017664988	0.003092911	
S00011.glut_max-pelvis_tilt.KP  	1.6345112	1.6350939	0.030453724	
S00011.glut_max-pelvis_tilt.KV  	0.19879118	0.20389672	0.0030500871	
S00011.glut_max-pelvis_tilt.C0  	0.039617916	0.039413387	0.0028899199	
S00011.iliopsoas-pelvis_tilt.KP 	-1.1817931	-1.2083044	0.031429053	
S00011.iliopsoas-pelvis_tilt.KV 	-0.29942264	-0.29759564	0.0031066972	
S00011.iliopsoas-pelvis_tilt.C0 	0.21475757	0.21507813	0.0038295286	
S00100.iliopsoas.C0             	0.26147924	0.26124704	0.0030730715	
S00100.glut_max.C0              	-0.17331317	-0.17279758	0.0031441153	
S11000.iliopsoas.KL             	0.43816261	0.44092697	0.0032538915	
S11000.iliopsoas.L0             	0.55507416	0.55727826	0.0030052342	
S11000.iliopsoas-pelvis_tilt.P0 	-0.16697722	-0.16206966	0.0032347667	
S11000.iliopsoas-pelvis_tilt.KP 	0.74328655	0.74745087	0.031379215	
S11000.iliopsoas-pelvis_tilt.KV 	0.23448221	0.23277701	0.0029690787	
S11000.iliopsoas-hamstrings.KL  	-1.1014714	-1.1296445	0.12125767	
S11000.iliopsoas-hamstrings.L0  	0.87246963	0.87438758	0.0029536165	
S11000.hamstrings.KF            	0.5778884	0.57569248	0.0031397186	
S11000.glut_max.KF              	0.49206351	0.49345036	0.0031675194	
