pelvis_tilt.offset              	-0.026069731	-0.024647913	0.0029037608	
hip_flexion_r.offset            	-0.026884117	-0.023738724	0.0031653174	
knee_angle_r.offset             	0.023220822	0.024935863	0.0029972753	
ankle_angle_r.offset            	0.0035655666	0.0009752366	0.0034517685	
hip_flexion_l.offset            	0.055121329	0.05343488	0.0031364295	
knee_angle_l.offset             	0.043980665	0.044895145	0.0031134623	
ankle_angle_l.offset            	-0.014096593	-0.013597385	0.0031658295	
stance_load_threshold           	0.014253999	0.011737047	0.0030298657	
S11111.tib_ant.KL               	1.2476547	1.2975915	0.032397606	
S11111.tib_ant.L0               	0.73660186	0.73598618	0.002943249	
S11111.tib_ant-soleus.KF        	-0.31184607	-0.30908258	0.0032878749	
S00111.soleus.KF                	0.44399	0.44747167	0.030420939	
S00111.gastroc.KF               	1.4737982	1.44793	0.02728257	
S00111.soleus.KV                	0.035314861	0.051556208	0.016052821	
S00111.gastroc.KV               	0.040680543	0.069053123	0.016083761	
S11000.soleus.KV                	0.034461432	0.019469837	0.016737582	
S11000.gastroc.KV               	0.0032621878	0.01320731	0.016495314	
S00011.vasti.KF                 	1.0004673	1.0198077	0.026545124	
S00011.vasti.C0                 	0.065758332	0.069751005	0.0026566153	
S00011.vasti-knee_angle.pos_max 	-0.14917324	-0.15219043	0.0032531627	
S00011.hamstrings-pelvis_tilt.KP	1.5989331	1.5550334	0.030895551	
S00011.hamstrings-pelvis_tilt.KV	0.29794553	0.29960164	0.0031503207	
S00011.hamstrings-pelvis_tilt.C0	0.020607152	0.017278298	0.0032342124	
S00011.glut_max-pelvis_tilt.KP  	1.6335559	1.6380212	0.03178312	
S00011.glut_max-pelvis_tilt.KV  	0.19333898	0.19972471	0.0031928689	
S00011.glut_max-pelvis_tilt.C0  	0.042272984	0.03925468	0.0030146868	
S00011.iliopsoas-pelvis_tilt.KP 	-1.1708779	-1.1948224	0.032864501	
S00011.iliopsoas-pelvis_tilt.KV 	-0.30044493	-0.30032391	0.0032406616	
S00011.iliopsoas-pelvis_tilt.C0 	0.22163659	0.2169804	0.0040025259	
S00100.iliopsoas.C0             	0.2574199	0.26273968	0.0032031628	
S00100.glut_max.C0              	-0.1697956	-0.17488817	0.00328101	
S11000.iliopsoas.KL             	0.44216529	0.44111442	0.0033951416	
S11000.iliopsoas.L0             	0.55771641	0.55792923	0.003134177	
S11000.iliopsoas-pelvis_tilt.P0 	-0.15369336	-0.15938428	0.0033852919	
S11000.iliopsoas-pelvis_tilt.KP 	0.75907666	0.7515403	0.032787124	
S11000.iliopsoas-pelvis_tilt.KV 	0.23930405	0.23370714	0.0030946241	
S11000.iliopsoas-hamstrings.KL  	-1.2828149	-1.1601749	0.12670406	
S11000.iliopsoas-hamstrings.L0  	0.8736165	0.87021361	0.0030832748	
S11000.hamstrings.KF            	0.5760453	0.57529019	0.0032790406	
S11000.glut_max.KF              	0.49316964	0.49435643	0.0033148642	
