pelvis_tilt.offset              	-0.008873237	-0.010103752	0.0037821974	
hip_flexion_r.offset            	-0.029435473	-0.030183425	0.0041146631	
knee_angle_r.offset             	0.031330742	0.038642327	0.0040193393	
ankle_angle_r.offset            	-0.011248655	-0.01238585	0.0045253949	
hip_flexion_l.offset            	0.053129708	0.047755613	0.0040584854	
knee_angle_l.offset             	0.030367318	0.028478991	0.0041147328	
ankle_angle_l.offset            	0.0078655514	0.00074349755	0.0041614432	
stance_load_threshold           	0.01042489	0.0071475629	0.0038949896	
S11111.tib_ant.KL               	1.4003651	1.3291161	0.041563458	
S11111.tib_ant.L0               	0.7118938	0.70861329	0.0040423455	
S11111.tib_ant-soleus.KF        	-0.2848415	-0.28346553	0.0043101863	
S00111.soleus.KF                	0.68129227	0.66095485	0.040401496	
S00111.gastroc.KF               	1.4968032	1.4609833	0.035120151	
S00111.soleus.KV                	0.0083039989	0.02268958	0.020422686	
S00111.gastroc.KV               	0.1193526	0.0991028	0.021014233	
S11000.soleus.KV                	0.016022141	0.051369164	0.021037456	
S11000.gastroc.KV               	0.0039650201	0.021698153	0.020635424	
S00011.vasti.KF                 	1.1053801	1.092485	0.034050145	
S00011.vasti.C0                 	0.058871497	0.063559466	0.0035172552	
S00011.vasti-knee_angle.pos_max 	-0.16017971	-0.15848525	0.0041802003	
S00011.hamstrings-pelvis_tilt.KP	1.2440924	1.2546775	0.042110114	
S00011.hamstrings-pelvis_tilt.KV	0.30273975	0.30366804	0.0040478539	
S00011.hamstrings-pelvis_tilt.C0	0.022095451	0.019091199	0.004186148	
S00011.glut_max-pelvis_tilt.KP  	1.669911	1.6500232	0.042022257	
S00011.glut_max-pelvis_tilt.KV  	0.19503388	0.19771686	0.004142771	
S00011.glut_max-pelvis_tilt.C0  	0.03592518	0.036323068	0.0039430043	
S00011.iliopsoas-pelvis_tilt.KP 	-1.203508	-1.1650333	0.04283294	
S00011.iliopsoas-pelvis_tilt.KV 	-0.30146846	-0.30510009	0.0042860462	
S00011.iliopsoas-pelvis_tilt.C0 	0.25460424	0.25018989	0.0053863498	
S00100.iliopsoas.C0             	0.2489991	0.24613074	0.0043389529	
S00100.glut_max.C0              	-0.16093158	-0.16160682	0.004325259	
S11000.iliopsoas.KL             	0.45113478	0.45135907	0.0044030306	
S11000.iliopsoas.L0             	0.53690439	0.5395304	0.0041562802	
S11000.iliopsoas-pelvis_tilt.P0 	-0.14668754	-0.15013214	0.0044224695	
S11000.iliopsoas-pelvis_tilt.KP 	0.71909367	0.68229916	0.043560928	
S11000.iliopsoas-pelvis_tilt.KV 	0.22588413	0.22282366	0.0041173151	
S11000.iliopsoas-hamstrings.KL  	-0.63435773	-0.92794047	0.1629472	
S11000.iliopsoas-hamstrings.L0  	0.88393009	0.88170649	0.0039864832	
S11000.hamstrings.KF            	0.56519899	0.56253727	0.0042914743	
S11000.glut_max.KF              	0.49896325	0.49013148	0.0042884179	
