pelvis_tilt.offset              	-0.025491703	-0.027991278	0.0016959107	
hip_flexion_r.offset            	-0.027018076	-0.025107354	0.0018537065	
knee_angle_r.offset             	0.017992011	0.01762944	0.0017567126	
ankle_angle_r.offset            	0.0060550271	0.0042643277	0.0020349977	
hip_flexion_l.offset            	0.050725618	0.050560812	0.0018590753	
knee_angle_l.offset             	0.048985704	0.047883319	0.0018442685	
ankle_angle_l.offset            	-0.017342762	-0.016858721	0.0018677368	
stance_load_threshold           	0.0071607899	0.0079760103	0.0017902788	
S11111.tib_ant.KL               	1.3026864	1.3026826	0.018974631	
S11111.tib_ant.L0               	0.73806042	0.74041746	0.0017278077	
S11111.tib_ant-soleus.KF        	-0.30194667	-0.29955473	0.0019228955	
S00111.soleus.KF                	0.43981966	0.43678153	0.017850134	
S00111.gastroc.KF               	1.5061736	1.5343841	0.01579197	
S00111.soleus.KV                	0.08128164	0.081212945	0.0093996802	
S00111.gastroc.KV               	0.088858323	0.093605812	0.0094064003	
S11000.soleus.KV                	0.067223416	0.070047668	0.0094373169	
S11000.gastroc.KV               	0.10615539	0.11471579	0.0093918013	
S00011.vasti.KF                 	1.0295442	1.0479293	0.015526783	
S00011.vasti.C0                 	0.071006117	0.07165062	0.0015730093	
S00011.vasti-knee_angle.pos_max 	-0.16102794	-0.15853736	0.0019067533	
S00011.hamstrings-pelvis_tilt.KP	1.6431989	1.6138804	0.018178128	
S00011.hamstrings-pelvis_tilt.KV	0.29741002	0.30052578	0.0018432932	
S00011.hamstrings-pelvis_tilt.C0	0.016122329	0.019774741	0.0019050042	
S00011.glut_max-pelvis_tilt.KP  	1.5861085	1.5883247	0.018666226	
S00011.glut_max-pelvis_tilt.KV  	0.20261168	0.202856	0.0018692801	
S00011.glut_max-pelvis_tilt.C0  	0.042591334	0.040488147	0.0017775733	
S00011.iliopsoas-pelvis_tilt.KP 	-1.2687139	-1.2437447	0.019043614	
S00011.iliopsoas-pelvis_tilt.KV 	-0.29652082	-0.29646585	0.0019103717	
S00011.iliopsoas-pelvis_tilt.C0 	0.20685654	0.20542301	0.0023222665	
S00100.iliopsoas.C0             	0.26036286	0.26140314	0.0018665814	
S00100.glut_max.C0              	-0.17234841	-0.17172792	0.0019220208	
S11000.iliopsoas.KL             	0.44157922	0.44475176	0.0020039599	
S11000.iliopsoas.L0             	0.55464686	0.55116123	0.0018456717	
S11000.iliopsoas-pelvis_tilt.P0 	-0.16606653	-0.16482131	0.0019613641	
S11000.iliopsoas-pelvis_tilt.KP 	0.82945674	0.83628742	0.019282698	
S11000.iliopsoas-pelvis_tilt.KV 	0.2348629	0.23773424	0.0018195719	
S11000.iliopsoas-hamstrings.KL  	-1.4041586	-1.2774987	0.073760754	
S11000.iliopsoas-hamstrings.L0  	0.87436158	0.87094139	0.0018195188	
S11000.hamstrings.KF            	0.57778891	0.57581506	0.0019327975	
S11000.glut_max.KF              	0.48154115	0.48452543	0.001931093	
