pelvis_tilt.offset              	-0.026958166	-0.02821889	0.0018307915	
hip_flexion_r.offset            	-0.025419317	-0.025704915	0.0020085144	
knee_angle_r.offset             	0.018753156	0.017483122	0.0018968482	
ankle_angle_r.offset            	0.0014002205	0.0012882947	0.002203426	
hip_flexion_l.offset            	0.053544002	0.052033168	0.0020071402	
knee_angle_l.offset             	0.049132922	0.047344939	0.0019868853	
ankle_angle_l.offset            	-0.018470118	-0.017625014	0.0020186431	
stance_load_threshold           	0.0095077742	0.0084899187	0.0019329508	
S11111.tib_ant.KL               	1.3223947	1.3168428	0.020554687	
S11111.tib_ant.L0               	0.74135673	0.73816973	0.0018687721	
S11111.tib_ant-soleus.KF        	-0.30422605	-0.30312166	0.0020831689	
S00111.soleus.KF                	0.44094726	0.44274982	0.019320822	
S00111.gastroc.KF               	1.4736596	1.4968011	0.017168704	
S00111.soleus.KV                	0.087907447	0.076212088	0.010202934	
S00111.gastroc.KV               	0.090223463	0.089806747	0.010171559	
S11000.soleus.KV                	0.047472437	0.050348803	0.010291242	
S11000.gastroc.KV               	0.07393051	0.10307955	0.010201631	
S00011.vasti.KF                 	1.0859962	1.0587214	0.016838236	
S00011.vasti.C0                 	0.073033461	0.071113402	0.001695646	
S00011.vasti-knee_angle.pos_max 	-0.16239711	-0.16065209	0.0020669766	
S00011.hamstrings-pelvis_tilt.KP	1.6280535	1.6022161	0.019651474	
S00011.hamstrings-pelvis_tilt.KV	0.2983102	0.30097446	0.001990341	
S00011.hamstrings-pelvis_tilt.C0	0.021305489	0.019048904	0.0020661671	
S00011.glut_max-pelvis_tilt.KP  	1.6077911	1.5862506	0.020192664	
S00011.glut_max-pelvis_tilt.KV  	0.20544038	0.20161495	0.0020258163	
S00011.glut_max-pelvis_tilt.C0  	0.038491586	0.040931232	0.0019205528	
S00011.iliopsoas-pelvis_tilt.KP 	-1.1819242	-1.2125068	0.020643019	
S00011.iliopsoas-pelvis_tilt.KV 	-0.30006179	-0.29827553	0.0020628905	
S00011.iliopsoas-pelvis_tilt.C0 	0.20951451	0.20855638	0.0025122273	
S00100.iliopsoas.C0             	0.26306708	0.26096086	0.0020158265	
S00100.glut_max.C0              	-0.1720389	-0.17352242	0.0020800688	
S11000.iliopsoas.KL             	0.44389903	0.44370204	0.0021653703	
S11000.iliopsoas.L0             	0.55255779	0.55363656	0.0019949197	
S11000.iliopsoas-pelvis_tilt.P0 	-0.16225644	-0.16431405	0.0021289942	
S11000.iliopsoas-pelvis_tilt.KP 	0.79129854	0.79315688	0.020857894	
S11000.iliopsoas-pelvis_tilt.KV 	0.23869612	0.23602204	0.0019705626	
S11000.iliopsoas-hamstrings.KL  	-1.2238427	-1.2116564	0.080363218	
S11000.iliopsoas-hamstrings.L0  	0.87254962	0.87145022	0.0019695347	
S11000.hamstrings.KF            	0.57856101	0.57607267	0.0020920833	
S11000.glut_max.KF              	0.48671942	0.48563158	0.0020891416	
