pelvis_tilt.offset              	-0.031649143	-0.027984539	0.0019052151	
hip_flexion_r.offset            	-0.026657174	-0.023353187	0.0020937754	
knee_angle_r.offset             	0.022288183	0.019196705	0.0019756496	
ankle_angle_r.offset            	-0.00155516	0.0010584952	0.0022952903	
hip_flexion_l.offset            	0.053341021	0.053190028	0.0020903122	
knee_angle_l.offset             	0.046744106	0.04859303	0.0020705689	
ankle_angle_l.offset            	-0.015546307	-0.018439788	0.0021014313	
stance_load_threshold           	0.010153155	0.010510422	0.0020138607	
S11111.tib_ant.KL               	1.3498711	1.3186147	0.021452047	
S11111.tib_ant.L0               	0.73904127	0.74069852	0.0019527444	
S11111.tib_ant-soleus.KF        	-0.30464918	-0.30237857	0.0021735964	
S00111.soleus.KF                	0.43867644	0.44943565	0.020137718	
S00111.gastroc.KF               	1.4410373	1.4683409	0.017994543	
S00111.soleus.KV                	0.1005556	0.080400642	0.010640945	
S00111.gastroc.KV               	0.078488224	0.088480807	0.010603486	
S11000.soleus.KV                	0.044310915	0.037914409	0.010807757	
S11000.gastroc.KV               	0.074079233	0.080481767	0.010695052	
S00011.vasti.KF                 	1.0850262	1.0678239	0.017543601	
S00011.vasti.C0                 	0.074325833	0.072527975	0.0017674972	
S00011.vasti-knee_angle.pos_max 	-0.15983419	-0.16025527	0.0021550467	
S00011.hamstrings-pelvis_tilt.KP	1.6289114	1.6098665	0.020465331	
S00011.hamstrings-pelvis_tilt.KV	0.30372619	0.30143494	0.0020767025	
S00011.hamstrings-pelvis_tilt.C0	0.020860222	0.018912429	0.0021503268	
S00011.glut_max-pelvis_tilt.KP  	1.6552858	1.6092349	0.021038755	
S00011.glut_max-pelvis_tilt.KV  	0.20381015	0.20347293	0.0021132985	
S00011.glut_max-pelvis_tilt.C0  	0.037382096	0.039112762	0.0020003078	
S00011.iliopsoas-pelvis_tilt.KP 	-1.1988164	-1.1938385	0.021650703	
S00011.iliopsoas-pelvis_tilt.KV 	-0.30085803	-0.2992833	0.0021488083	
S00011.iliopsoas-pelvis_tilt.C0 	0.21358669	0.20771978	0.0026220214	
S00100.iliopsoas.C0             	0.26305011	0.26166022	0.0021029577	
S00100.glut_max.C0              	-0.17574719	-0.1725669	0.002165799	
S11000.iliopsoas.KL             	0.44441902	0.44363089	0.0022565305	
S11000.iliopsoas.L0             	0.55345087	0.55337978	0.0020757541	
S11000.iliopsoas-pelvis_tilt.P0 	-0.16417532	-0.16438984	0.0022219849	
S11000.iliopsoas-pelvis_tilt.KP 	0.8162186	0.81843434	0.021749516	
S11000.iliopsoas-pelvis_tilt.KV 	0.23329198	0.23705195	0.002053662	
S11000.iliopsoas-hamstrings.KL  	-1.1949886	-1.2378549	0.083898642	
S11000.iliopsoas-hamstrings.L0  	0.87393323	0.87207717	0.0020549225	
S11000.hamstrings.KF            	0.57776625	0.57729353	0.002181455	
S11000.glut_max.KF              	0.48629542	0.48511567	0.0021759827	
