pelvis_tilt.offset              	-0.024835943	-0.0279522	0.0022840773	
hip_flexion_r.offset            	-0.022844901	-0.021568589	0.0025054935	
knee_angle_r.offset             	0.019528528	0.020795785	0.0023662947	
ankle_angle_r.offset            	0.0029364294	0.00079942534	0.002741427	
hip_flexion_l.offset            	0.050129918	0.052770531	0.0024904393	
knee_angle_l.offset             	0.046842831	0.04692149	0.0024713099	
ankle_angle_l.offset            	-0.0147056	-0.01371603	0.0025115882	
stance_load_threshold           	0.010894252	0.012738333	0.0024110608	
S11111.tib_ant.KL               	1.2811655	1.2939167	0.025655732	
S11111.tib_ant.L0               	0.73901727	0.73854255	0.0023358025	
S11111.tib_ant-soleus.KF        	-0.29941828	-0.30402301	0.0026016606	
S00111.soleus.KF                	0.42668657	0.42794125	0.02406044	
S00111.gastroc.KF               	1.448193	1.4586043	0.021614156	
S00111.soleus.KV                	0.074682827	0.097875584	0.012705571	
S00111.gastroc.KV               	0.058286191	0.071160053	0.012699852	
S11000.soleus.KV                	0.01063303	0.029941161	0.013171402	
S11000.gastroc.KV               	0.036222637	0.040895416	0.012953504	
S00011.vasti.KF                 	1.0665555	1.0796079	0.020966382	
S00011.vasti.C0                 	0.072885993	0.073153768	0.0021109146	
S00011.vasti-knee_angle.pos_max 	-0.15028782	-0.15511571	0.0025762931	
S00011.hamstrings-pelvis_tilt.KP	1.5796272	1.5969473	0.024453408	
S00011.hamstrings-pelvis_tilt.KV	0.30023922	0.30061325	0.0024845061	
S00011.hamstrings-pelvis_tilt.C0	0.020019286	0.020653239	0.0025661809	
S00011.glut_max-pelvis_tilt.KP  	1.5988664	1.605878	0.025201116	
S00011.glut_max-pelvis_tilt.KV  	0.20503736	0.20430424	0.0025187189	
S00011.glut_max-pelvis_tilt.C0  	0.034781578	0.03909782	0.0023838519	
S00011.iliopsoas-pelvis_tilt.KP 	-1.1727414	-1.1573155	0.026015259	
S00011.iliopsoas-pelvis_tilt.KV 	-0.29501666	-0.29889444	0.0025654861	
S00011.iliopsoas-pelvis_tilt.C0 	0.21193297	0.21629281	0.0031570567	
S00100.iliopsoas.C0             	0.26705756	0.26362799	0.0025244483	
S00100.glut_max.C0              	-0.17472071	-0.17294493	0.0025983985	
S11000.iliopsoas.KL             	0.44130715	0.44181045	0.0026960963	
S11000.iliopsoas.L0             	0.55280062	0.55464436	0.0024815556	
S11000.iliopsoas-pelvis_tilt.P0 	-0.15690519	-0.16020009	0.0026694268	
S11000.iliopsoas-pelvis_tilt.KP 	0.81992717	0.8231421	0.025918212	
S11000.iliopsoas-pelvis_tilt.KV 	0.23082137	0.23292542	0.0024584558	
S11000.iliopsoas-hamstrings.KL  	-1.1959039	-1.2029108	0.10050471	
S11000.iliopsoas-hamstrings.L0  	0.87359134	0.87187364	0.0024509248	
S11000.hamstrings.KF            	0.57785875	0.58022899	0.0026051719	
S11000.glut_max.KF              	0.48880344	0.48775159	0.0026001692	
