pelvis_tilt.offset              	-0.021565437	-0.025525008	0.0025521496	
hip_flexion_r.offset            	-0.023714978	-0.02369927	0.0027833972	
knee_angle_r.offset             	0.025714017	0.021047733	0.0026312275	
ankle_angle_r.offset            	-0.00056585944	0.0010896486	0.0030475486	
hip_flexion_l.offset            	0.048879341	0.053415797	0.002766249	
knee_angle_l.offset             	0.045880964	0.046062554	0.0027439503	
ankle_angle_l.offset            	-0.014991496	-0.01457916	0.0027907913	
stance_load_threshold           	0.012176228	0.012810872	0.0026782997	
S11111.tib_ant.KL               	1.289475	1.304492	0.028508873	
S11111.tib_ant.L0               	0.74148964	0.73749545	0.0025991365	
S11111.tib_ant-soleus.KF        	-0.3080647	-0.3029907	0.0028978198	
S00111.soleus.KF                	0.45337943	0.43122397	0.026704083	
S00111.gastroc.KF               	1.4504849	1.4449103	0.024060039	
S00111.soleus.KV                	0.077501598	0.087541933	0.014119837	
S00111.gastroc.KV               	0.056278359	0.057023097	0.014200166	
S11000.soleus.KV                	0.025036114	0.011768976	0.014738193	
S11000.gastroc.KV               	0.017593777	0.019613159	0.014488716	
S00011.vasti.KF                 	1.0402312	1.082892	0.023310456	
S00011.vasti.C0                 	0.069451875	0.070278418	0.0023489102	
S00011.vasti-knee_angle.pos_max 	-0.15300652	-0.15073804	0.0028732947	
S00011.hamstrings-pelvis_tilt.KP	1.5699287	1.5850461	0.027179674	
S00011.hamstrings-pelvis_tilt.KV	0.29934765	0.29618783	0.0027679965	
S00011.hamstrings-pelvis_tilt.C0	0.019631167	0.019369689	0.002850339	
S00011.glut_max-pelvis_tilt.KP  	1.6826428	1.6215983	0.028003715	
S00011.glut_max-pelvis_tilt.KV  	0.20409894	0.20406369	0.0028078367	
S00011.glut_max-pelvis_tilt.C0  	0.037773201	0.037364631	0.0026567397	
S00011.iliopsoas-pelvis_tilt.KP 	-1.2214033	-1.1932962	0.028941221	
S00011.iliopsoas-pelvis_tilt.KV 	-0.2921953	-0.29521619	0.0028558052	
S00011.iliopsoas-pelvis_tilt.C0 	0.2169772	0.21512133	0.0035212471	
S00100.iliopsoas.C0             	0.25913581	0.26486135	0.0028183562	
S00100.glut_max.C0              	-0.1734623	-0.17606192	0.0028906855	
S11000.iliopsoas.KL             	0.4422529	0.44083032	0.0029951665	
S11000.iliopsoas.L0             	0.5575685	0.55586842	0.0027671111	
S11000.iliopsoas-pelvis_tilt.P0 	-0.15861053	-0.15845602	0.0029730916	
S11000.iliopsoas-pelvis_tilt.KP 	0.76761517	0.78883637	0.028868328	
S11000.iliopsoas-pelvis_tilt.KV 	0.23660355	0.23198152	0.0027307025	
S11000.iliopsoas-hamstrings.KL  	-1.042381	-1.2280091	0.11155666	
S11000.iliopsoas-hamstrings.L0  	0.87370645	0.87264718	0.0027236778	
S11000.hamstrings.KF            	0.57761119	0.57684976	0.002895277	
S11000.glut_max.KF              	0.49582676	0.49020388	0.0028987683	
