pelvis_tilt.offset              	-0.029498863	-0.025625401	0.0026850486	
hip_flexion_r.offset            	-0.01961283	-0.024155347	0.0029230121	
knee_angle_r.offset             	0.023958628	0.023335154	0.0027699547	
ankle_angle_r.offset            	-0.00063721332	0.00021834947	0.0032014011	
hip_flexion_l.offset            	0.056534712	0.053176951	0.0029103294	
knee_angle_l.offset             	0.043988693	0.04478848	0.0028867729	
ankle_angle_l.offset            	-0.010792132	-0.013672838	0.0029315408	
stance_load_threshold           	0.013685204	0.011711507	0.0028141939	
S11111.tib_ant.KL               	1.3586218	1.3168917	0.029958828	
S11111.tib_ant.L0               	0.73698577	0.738677	0.0027328405	
S11111.tib_ant-soleus.KF        	-0.30505586	-0.30570704	0.0030479043	
S00111.soleus.KF                	0.4859101	0.44635933	0.028096809	
S00111.gastroc.KF               	1.4689707	1.4481522	0.025283385	
S00111.soleus.KV                	0.089284938	0.079570873	0.014835595	
S00111.gastroc.KV               	0.064012985	0.060881937	0.014931882	
S11000.soleus.KV                	0.019797507	0.019585075	0.01550769	
S11000.gastroc.KV               	0.0080011492	0.0162887	0.015250709	
S00011.vasti.KF                 	0.99737225	1.0632558	0.024525909	
S00011.vasti.C0                 	0.067599566	0.069787036	0.0024654888	
S00011.vasti-knee_angle.pos_max 	-0.15611751	-0.1520322	0.0030192419	
S00011.hamstrings-pelvis_tilt.KP	1.5980652	1.5564184	0.028620551	
S00011.hamstrings-pelvis_tilt.KV	0.3005736	0.29826222	0.002909852	
S00011.hamstrings-pelvis_tilt.C0	0.015675371	0.019032259	0.0029946648	
S00011.glut_max-pelvis_tilt.KP  	1.6283352	1.6357688	0.029484478	
S00011.glut_max-pelvis_tilt.KV  	0.20518609	0.20338343	0.0029499623	
S00011.glut_max-pelvis_tilt.C0  	0.039501939	0.037207929	0.0027925169	
S00011.iliopsoas-pelvis_tilt.KP 	-1.21003	-1.1957701	0.030448499	
S00011.iliopsoas-pelvis_tilt.KV 	-0.30202968	-0.29529483	0.0030016947	
S00011.iliopsoas-pelvis_tilt.C0 	0.21242497	0.21632077	0.0037028093	
S00100.iliopsoas.C0             	0.25571756	0.26279514	0.0029660179	
S00100.glut_max.C0              	-0.17221828	-0.17511911	0.0030400821	
S11000.iliopsoas.KL             	0.44443971	0.44053305	0.003148898	
S11000.iliopsoas.L0             	0.5582184	0.55708793	0.0029093594	
S11000.iliopsoas-pelvis_tilt.P0 	-0.16353979	-0.15870429	0.0031268103	
S11000.iliopsoas-pelvis_tilt.KP 	0.73219244	0.76992585	0.030342983	
S11000.iliopsoas-pelvis_tilt.KV 	0.22993288	0.23416349	0.0028726377	
S11000.iliopsoas-hamstrings.KL  	-1.118972	-1.1283565	0.11739452	
S11000.iliopsoas-hamstrings.L0  	0.87558188	0.87329873	0.0028608519	
S11000.hamstrings.KF            	0.57430757	0.57715487	0.0030398385	
S11000.glut_max.KF              	0.49252917	0.49436197	0.0030626437	
