pelvis_tilt.offset              	-0.024910028	-0.027319874	0.0028488041	
hip_flexion_r.offset            	-0.023993158	-0.02123042	0.0031050777	
knee_angle_r.offset             	0.029594999	0.024154168	0.0029369735	
ankle_angle_r.offset            	0.0009985934	0.001845025	0.0033892596	
hip_flexion_l.offset            	0.051020451	0.054761488	0.0030796215	
knee_angle_l.offset             	0.047197052	0.044695486	0.0030572043	
ankle_angle_l.offset            	-0.014740694	-0.013359073	0.003103884	
stance_load_threshold           	0.009528149	0.011275842	0.0029750651	
S11111.tib_ant.KL               	1.2690651	1.3039324	0.031771947	
S11111.tib_ant.L0               	0.73854562	0.73748314	0.0028898253	
S11111.tib_ant-soleus.KF        	-0.31214919	-0.30834883	0.0032269324	
S00111.soleus.KF                	0.40422837	0.46390212	0.029823247	
S00111.gastroc.KF               	1.4267013	1.464552	0.026772128	
S00111.soleus.KV                	0.05099504	0.062343553	0.015735015	
S00111.gastroc.KV               	0.066751575	0.071737885	0.015795283	
S11000.soleus.KV                	0.0061308308	0.023987593	0.016422045	
S11000.gastroc.KV               	0.011898088	0.013044724	0.016184392	
S00011.vasti.KF                 	1.0014116	1.0304389	0.026041939	
S00011.vasti.C0                 	0.070903543	0.068235998	0.0026094399	
S00011.vasti-knee_angle.pos_max 	-0.15127122	-0.15177769	0.0031961012	
S00011.hamstrings-pelvis_tilt.KP	1.5394227	1.5606188	0.030327538	
S00011.hamstrings-pelvis_tilt.KV	0.29520075	0.3014238	0.0030887166	
S00011.hamstrings-pelvis_tilt.C0	0.021695353	0.017418196	0.0031723155	
S00011.glut_max-pelvis_tilt.KP  	1.6421097	1.6455086	0.031229672	
S00011.glut_max-pelvis_tilt.KV  	0.20256615	0.20134564	0.0031304313	
S00011.glut_max-pelvis_tilt.C0  	0.039745415	0.04073758	0.0029605911	
S00011.iliopsoas-pelvis_tilt.KP 	-1.1533557	-1.2136027	0.032227852	
S00011.iliopsoas-pelvis_tilt.KV 	-0.29997599	-0.2981927	0.0031810306	
S00011.iliopsoas-pelvis_tilt.C0 	0.21368691	0.21459355	0.0039243939	
S00100.iliopsoas.C0             	0.26385011	0.26150889	0.0031454857	
S00100.glut_max.C0              	-0.17266222	-0.17476201	0.0032210949	
S11000.iliopsoas.KL             	0.44091058	0.44028588	0.0033332941	
S11000.iliopsoas.L0             	0.55966865	0.55720697	0.0030788337	
S11000.iliopsoas-pelvis_tilt.P0 	-0.15663823	-0.16221655	0.0033201006	
S11000.iliopsoas-pelvis_tilt.KP 	0.76549029	0.73519632	0.032169962	
S11000.iliopsoas-pelvis_tilt.KV 	0.23536595	0.23460556	0.0030403884	
S11000.iliopsoas-hamstrings.KL  	-1.174438	-1.1057758	0.12445833	
S11000.iliopsoas-hamstrings.L0  	0.87021416	0.87221444	0.0030284279	
S11000.hamstrings.KF            	0.57367894	0.575193	0.0032196234	
S11000.glut_max.KF              	0.49261175	0.49391473	0.0032498583	
